2038
1051
841
930
1224
1099
1152
1880
1309
956
1878
988
1251
1049
940
1214
899
1045
1378
1212
1359
1026
1154
1328
900
1357
1045
1795
1151
918
1031
1055
1037
1033
1053
1183
902
1006
1142
1055
900
952
888
1321
908
995
1396
1045
1297
1148
1019
876
1061
866
1019
1027
1142
1059
930
1293
974
976
964
1202
1009
1019
946
951
910
916
1192
1378
1242
1293
1147
1160
1004
910
1291
1650
1398
914
1035
1527
1247
1313
1600
982
1188
1118
1065
922
930
981
1029
1037
954
1126
1144
922
1224
1122
1011
1216
1515
1309
919
1519
1243
1194
916
1239
1085
1476
1174
979
1053
1047
942
988
884
1330
1100
1196
1868
1152
1043
1009
1402
1291
936
1814
990
1646
1013
1803
960
1172
1106
866
1097
994
914
1398
932
1031
1150
1418
1552
1461
928
1135
1416
930
953
1283
994
1281
1053
1551
1410
987
1039
909
1717
975
1287
979
1866
914
1495
912
1303
1087
1759
1380
1033
928
1151
1053
972
833
1111
1465
1388
1366
914
981
1001
901
1005
934
952
1011
1287
1243
946
1515
1117
1569
1027
1009
1941
1227
956
1204
1150
956
918
1043
1513
1198
1145
1511
930
1162
1011
1626
1949
1027
1003
1419
1273
854
1527
1354
1073
1159
995
1138
920
811
1491
985
1150
1015
1083
1045
1176
919
952
1033
1402
920
1207
1116
936
1543
1032
1019
1110
926
1172
1008
1324
1105
1929
1311
1018
1212
960
984
1108
918
999
1583
990
1123
1440
1301
1047
1029
1209
1479
1312
1029
1148
1099
1341
872
1212
1540
960
1305
1333
932
1505
956
963
1299
1021
1202
926
819
1591
1073
1511
1351
1053
1303
1430
829
1729
1082
1140
1128
932
1315
918
948
938
1388
1271
918
1164
944
918
1244
1475
925
1313
1400
892
1192
996
825
1194
882
774
1162
1076
1031
1334
1182
965
1112
879
1293
1130
901
831
1174
930
1513
918
760
1219
1321
1014
1293
1187
1135
1106
1103
1015
1539
1186
938
1027
1315
916
1351
1200
1160
1194
1035
905
1440
909
1471
1324
1345
1452
1156
920
1265
1172
1077
1271
1212
1051
1150
1073
1194
1531
1441
1268
1176
1190
899
1131
1479
999
988
1148
1047
1277
950
1011
946
1699
1185
1039
965
1412
1064
1338
922
1195
1182
1142
926
1474
1047
1160
1212
1170
922
1202
1668
1061
1063
1313
977
1493
1067
1211
1069
1299
1184
1022
1793
1199
989
1285
1121
1531
910
924
1027
1279
946
914
1535
1047
1073
1289
997
1261
910
1476
1007
982
1027
1160
1039
1404
895
1550
1021
988
934
910
1051
904
1109
894
950
930
1355
1482
1224
1005
903
930
1027
1313
1055
1011
821
1317
1035
1331
1043
1285
1143
1150
926
942
950
894
928
952
1121
910
1140
1110
901
1170
912
1027
1002
829
985
895
1353
1019
1327
907
912
994
892
917
1033
918
1533
1007
916
918
922
1002
1174
1002
1039
832
1228
985
924
1192
1023
1166
1146
926
924
1039
956
863
976
1142
916
944
922
997
834
936
900
1114
997
917
918
1071
1118
1053
924
1369
927
997
1158
928
957
1021
1287
1087
1041
1013
922
938
910
926
1134
909
1172
924
1315
1049
918
1540
1049
1211
829
1213
936
1126
962
934
1010
1227
764
1197
1182
1057
1152
807
1045
989
936
1126
906
1069
1025
1061
1038
922
883
916
803
914
1004
1234
926
1008
914
918
1027
1584
831
1063
916
1035
914
914
1326
1097
992
1277
946
1243
1061
1592
1008
1061
914
1610
1559
940
1003
1210
1597
1279
916
1055
1012
922
813
1174
1127
1212
1217
942
1529
918
1059
1091
1221
1551
1410
1110
1283
1180
934
1073
979
1041
1260
1283
1051
1122
1234
902
1098
942
1151
914
1045
926
1303
908
1163
930
1055
940
1053
1394
912
916
1271
952
1137
1061
770
1192
1148
1041
1382
1014
1027
1047
932
922
1168
906
1489
913
910
948
1481
1162
914
1317
1009
1072
936
1088
1011
1000
1279
942
958
1269
831
1269
1329
1608
1229
1128
1332
1184
823
1065
960
1539
1289
1031
1133
948
912
1037
1131
917
1016
1172
1043
1224
1246
905
1123
954
1114
932
1031
1676
1142
1174
1255
1043
926
938
1121
1160
948
1107
1188
1141
1802
987
1049
1311
1323
996
1392
996
946
928
926
1301
944
1057
1275
1057
1007
1002
938
1575
1259
1001
1554
906
1041
923
1264
985
1149
1031
991
1337
819
1359
898
1275
1184
1192
1830
988
916
1473
1345
917
1264
922
1025
1709
823
1255
1126
1266
1135
1029
1504
919
1529
1272
1368
922
1049
904
1347
922
920
1126
1137
1053
1114
1027
1005
934
1166
1115
1483
995
932
1203
1220
978
1699
1335
940
2364
4575
6338
4406
1933
1367
1101
1369
956
1257
1135
1180
1077
1153
1071
951
1238
974
978
1337
961
1375
964
1075
2108
815
2068
936
1221
888
1063
1201
1039
1570
23660
1620
1311
1965
954
1527
956
1303
997
1208
1049
1233
1394
1196
966
926
1158
1404
1006
1027
1043
1027
1101
952
1136
930
1481
1227
922
1053
999
1182
1019
926
1299
932
1067
1190
979
1220
1257
997
1732
1334
1480
1611
1459
1202
912
1332
1220
1392
1587
1620
924
1803
1217
1382
1229
1190
1616
963
936
1317
907
1392
1008
985
1208
934
1341
1162
867
1334
886
958
1049
1049
1755
1170
1218
958
1511
1158
1164
902
983
1014
998
1001
1105
1747
1124
959
1540
1146
851
950
1707
1126
1003
1263
904
1196
920
924
1307
948
1271
960
908
967
932
916
1141
928
1142
925
932
1117
1059
1289
1220
901
1154
1053
914
1420
916
984
894
1131
996
934
1014
955
994
1483
916
930
1029
920
1049
1031
1029
928
1041
1019
924
1944
1386
1124
952
1166
1033
1187
956
986
897
1269
1687
1319
924
1179
1055
926
886
1041
1206
1370
1025
823
1303
1036
987
1083
1178
1027
1004
805
1134
1001
914
1206
921
1025
1041
831
1039
958
1042
914
1053
1184
946
1109
920
1045
914
920
1210
1025
1420
928
1196
940
928
989
1055
1134
904
1027
860
1163
1188
1042
1017
777
1180
1063
976
1202
1141
842
968
886
770
1170
1551
1011
926
989
1049
989
785
1162
1412
1192
997
908
905
1002
1570
1148
909
956
899
1039
993
948
1291
1099
1033
904
1006
912
1053
1035
1194
1129
912
1045
915
817
1209
914
986
922
1027
926
1047
885
831
919
1124
1259
916
970
934
974
903
1079
895
966
884
827
972
931
1097
1410
874
815
1134
873
833
1112
1191
1037
1277
907
926
948
987
1077
973
908
1069
1237
976
928
1023
1041
1131
1184
1541
970
1543
969
1553
1301
1009
922
1188
1021
914
1023
1025
1031
866
948
1198
949
914
1190
1201
1219
1180
922
1055
932
1450
932
841
959
926
930
1037
1031
1061
1139
1194
1037
1011
1047
1184
905
1192
1061
1137
916
1483
1330
1021
942
920
1141
972
1031
943
1004
920
905
1265
981
1243
1186
918
932
901
930
1221
1311
916
1039
1081
1007
984
976
1118
974
1034
926
1016
980
1016
1216
1150
944
1172
1009
934
1035
1027
954
922
1138
904
1039
956
1025
972
1148
1138
1115
920
964
1166
1004
932
906
908
928
1039
877
774
1168
1032
920
1170
1029
1214
1025
875
1071
1029
1005
829
932
942
987
944
1118
909
962
913
994
819
991
1063
987
918
936
1116
983
926
1022
1283
890
1102
1003
821
962
899
954
896
950
969
952
1002
956
1055
1152
817
1041
982
1612
1065
1023
967
1001
1057
1182
1626
1037
1041
1210
994
1118
960
869
1123
813
1070
813
1160
817
1129
955
1013
1121
777
1057
896
928
825
1107
810
1443
918
1275
1011
950
1013
1122
805
1136
813
1227
1182
1112
940
1176
918
1242
1035
1178
1027
990
1027
1283
898
1842
1608
1257
905
1134
1009
1095
1178
938
912
1343
805
1113
809
1769
967
924
1291
1381
883
1174
1208
1227
926
1730
1220
817
1281
936
959
1324
1045
1753
997
896
1037
1443
1035
956
940
974
1463
942
1751
1666
1043
1075
1329
1198
1184
1098
965
1041
1043
1123
1289
1627
1563
1134
1172
1564
815
1017
942
1007
1170
1287
1767
1182
1059
1137
1216
1045
1172
1216
825
1120
988
1424
1162
1326
1338
1307
954
1093
1356
987
1438
956
1001
1321
765
1007
1212
1249
1097
1127
999
910
1489
964
1166
1188
1189
1277
1053
1565
1051
1535
1129
1029
1041
1033
954
1053
1217
1202
1043
1184
1059
1295
1235
815
1168
1196
807
1168
1029
1086
1402
932
1451
1029
1028
1101
1128
1041
1313
1263
1166
1452
819
1019
994
1111
1251
1378
1696
1168
1475
1499
1664
1178
1214
1239
1505
1061
1057
1148
1128
910
1350
1283
1658
1035
1107
1160
1441
1055
1208
1214
1057
1110
1203
1057
1182
921
1162
1147
1047
1057
1127
795
958
1225
815
1103
1170
1638
1047
918
1558
1249
1166
1326
1045
1550
944
1122
1065
1190
1039
1246
950
1521
1140
958
1164
1448
817
1160
1122
1255
1199
989
1271
1285
1144
1182
1438
1026
1487
1717
1001
1029
1460
932
964
991
1188
899
1150
1041
1148
1084
1583
1037
993
1676
1059
1138
809
1148
1293
1782
964
815
1138
1440
919
1434
1031
1677
1321
1208
1069
1096
1142
977
1153
978
1214
1146
1077
1356
821
1201
1232
897
1051
1523
1471
1031
1141
813
1234
1207
1299
1328
1063
1164
1427
1108
1053
1325
1051
1233
1221
1582
926
1362
1119
1235
1148
1445
1001
775
1299
1273
1287
1148
966
1212
1462
1852
1039
976
1327
1325
1438
1151
1053
843
1289
1146
1692
1240
1027
1702
1330
1058
1421
1073
1166
920
855
817
1184
927
833
1456
1166
1055
1041
1351
1015
1214
864
1063
1178
825
1132
1271
1036
1246
1204
892
1142
1149
1952
1533
1162
942
1115
1212
1394
1251
1160
765
1053
1172
817
1128
956
1002
1106
1057
1039
1523
1741
1176
1428
1019
1150
972
1281
1140
1333
1055
1029
843
1188
1225
817
1089
1146
1828
1109
1021
1082
1180
1440
932
916
1044
921
1019
898
960
994
960
1180
1071
967
1053
1190
1136
982
938
968
956
1085
1283
1412
962
1057
1017
960
1011
1118
1069
1271
1162
936
1030
940
1019
983
1194
896
1279
1352
1160
1152
774
1271
1216
1040
1039
1479
1071
938
1468
1293
1184
1152
1020
1139
1347
897
1262
920
1100
1279
948
1061
1053
1033
1654
1126
1298
1152
1369
1208
1499
1194
825
1130
1089
1230
1162
1475
1059
1487
1165
1146
1109
1138
1428
1017
1493
1364
1184
938
1198
1228
764
1219
1358
1507
1213
1246
827
1259
1315
1188
1214
1152
1023
1579
938
1451
936
966
1184
1172
1366
1481
1297
833
1124
1095
1148
988
815
1148
965
1045
1178
928
1191
1162
1037
1256
962
1130
1153
924
922
1156
1111
907
1047
1047
1276
1174
996
1155
1293
821
1702
1798
845
1243
954
946
1158
1026
1123
1581
1375
827
1459
1047
807
1589
1188
1299
1289
1283
1433
1031
1005
1499
1101
1045
1151
1060
922
999
1880
1303
876
942
1121
1368
1192
1412
1691
7046
1970
1237
878
1350
1049
985
1267
1180
1083
1688
1206
1079
1186
938
1311
1615
1218
1384
829
1238
1079
1130
1608
1225
1180
1160
1190
1105
1283
1021
946
1489
1233
1063
1452
1293
910
1377
1951
1261
1410
1166
1180
1204
1202
1118
989
1340
1204
1160
1168
833
934
1326
1202
1301
1045
1029
918
813
1107
1205
1073
1113
988
1225
1190
993
1186
1146
1162
813
1211
1614
907
930
1464
1049
983
1007
1192
974
1232
823
1127
1135
1059
1059
1158
1107
826
1015
950
920
1033
1118
1043
1015
1156
1039
1174
926
942
1034
916
1011
1138
1021
1029
1200
2092
1040
951
926
1281
1236
1025
1004
825
1125
823
1037
823
1127
1456
1027
934
1017
1543
1181
1987
922
1005
952
950
922
1178
846
932
918
1036
1000
809
996
817
1005
1045
985
833
995
1025
946
829
1120
1031
1192
881
1289
1098
1328
1498
1207
920
1043
1003
1035
1987
1368
1132
1045
946
1172
987
863
1188
946
932
1220
905
952
1620
1858
833
1454
928
1132
946
1035
1763
982
1047
954
1468
1447
809
1234
1039
994
1136
1393
1251
1481
809
1147
1162
835
1632
1192
1068
1155
1162
1087
1006
1673
1154
1376
827
1155
1487
1291
914
988
1180
1283
1273
1590
924
1148
1001
1174
1138
1275
1251
1323
946
1126
1301
956
1035
1264
1868
1172
866
1125
1256
976
1206
983
1779
1001
1233
1797
1418
1265
1199
962
1281
1251
1553
1234
1253
924
831
1135
1172
1176
1156
1795
1247
1059
1263
1789
1220
1061
1047
932
1049
1041
974
1345
1043
1308
1053
1588
1670
847
1500
1299
958
1301
1170
1251
1661
1301
918
1270
1309
1181
1803
1168
947
954
1150
1414
944
1325
1318
949
979
1166
831
1245
1204
1682
1152
1311
1028
1247
932
1287
1331
1676
1807
980
1307
991
1763
1226
1335
1436
1112
795
1207
1244
927
1003
1222
999
1174
962
1946
962
960
1166
950
1945
1295
958
1099
1312
1207
1132
950
1586
930
1188
1015
1372
1069
1586
1021
1257
990
1551
954
987
1326
1152
1099
1448
1043
1834
1818
954
1053
919
1193
1194
1245
1240
908
1366
1621
922
960
1041
1168
1398
1257
1551
1416
1073
1071
1131
1045
1019
1301
997
1658
1264
1021
1449
828
1838
1017
1059
1156
984
1218
1168
1057
1086
1231
1164
1023
1164
821
1489
1779
1043
1192
888
1638
917
928
1446
1493
1067
1016
870
1345
1249
1606
1065
1156
1315
1176
1146
1402
1483
1158
1131
1148
1039
1240
1118
1132
1618
1156
825
1059
1190
1261
926
823
1032
1698
952
1057
1063
1273
1527
1166
978
1166
1384
1000
1164
1350
889
1331
849
1221
1160
1975
1146
1134
1283
946
1216
1086
956
912
1477
918
1051
1303
974
952
1065
1018
1115
1134
1122
1119
1101
928
1515
1035
1209
981
1246
1791
916
1047
1134
1172
973
1789
1265
1043
1147
1114
1208
1203
1146
2019
1160
1081
1001
1211
1035
819
1015
1172
1170
825
1094
1061
1120
1608
1149
1166
1065
1041
1013
1125
1039
1299
1622
1082
1063
902
916
985
1043
1083
1192
1140
1221
974
954
1323
1035
1007
948
1037
1112
950
1019
994
1345
977
1043
1434
994
1551
1047
862
1235
1763
901
1103
1051
1204
986
916
1434
1172
1084
1021
952
1471
881
1087
1537
1182
1105
989
876
773
1065
1146
1468
1117
938
1043
1295
1051
1073
1191
1515
1048
1045
1336
1132
1210
1009
1166
1055
1535
1037
1166
1248
1045
1309
1160
1305
1105
1077
1180
775
1192
1143
1141
1099
944
1093
1227
827
1111
4914
1559
911
1172
1154
1229
1552
1144
1140
1144
1166
1051
1896
1079
1003
1209
1043
1126
1414
1245
1033
1164
1011
1196
1283
981
940
940
1035
905
1132
1660
853
1147
1267
1874
1223
1255
1468
1182
874
1176
1061
1128
1005
839
1057
921
952
1386
928
1037
1003
1035
1430
1198
1628
814
1200
833
930
1226
1139
1057
1212
1055
1195
1067
1051
1249
1069
1135
1291
1824
1211
1299
1176
908
1628
845
1049
1426
1176
1033
1186
815
1300
1123
1205
1119
1188
1386
946
819
1105
1132
1130
1301
874
1013
1483
922
1507
918
1039
942
1307
956
906
1287
1113
940
1035
908
1277
1000
779
1195
1329
856
1511
1164
1049
967
1533
1568
1792
1366
919
1285
975
1245
863
964
1101
1781
1079
1289
1085
1374
1166
1150
1201
1186
1184
823
1168
1120
1144
1125
776
922
1216
821
1204
1119
1114
1181
1737
1319
1205
904
1049
1018
1360
1003
938
1208
1011
1035
815
1184
1452
1132
919
1168
1062
901
1400
1027
898
1184
1120
998
1239
1178
1475
1027
904
1275
1032
1301
970
887
1134
1133
831
1289
914
920
1026
919
1034
1255
904
1269
913
1025
1199
1049
1246
920
980
1210
944
950
957
956
1063
1157
1043
1051
922
926
916
968
924
1092
1117
1003
1051
1124
875
823
1323
1053
1051
994
906
1028
1178
993
1062
1133
930
936
1006
971
1178
1013
1356
930
1003
934
1172
942
904
1150
1035
946
936
1079
938
1028
1028
962
990
924
1031
912
994
825
1049
1063
1664
1029
1344
1025
1376
918
1073
1281
1087
1198
984
1059
912
1039
1914
917
1156
1287
957
885
1293
942
1202
1364
1035
1402
922
1569
1398
1258
1191
1142
1314
1043
1789
990
950
1273
1205
1033
1261
977
1402
999
1039
1265
922
958
1037
1015
922
1363
1479
1406
1129
1172
1240
1109
1257
968
1259
1660
1358
1453
1408
992
906
1166
987
906
1088
884
1521
924
1106
1267
956
920
1085
1036
1119
914
918
1168
956
932
1172
1047
904
999
1337
1142
1021
1051
902
982
914
926
1168
982
964
1123
1233
960
1307
938
1168
1035
1039
926
1657
922
1043
1547
1045
1081
1001
968
1363
932
1099
1309
1138
1018
936
1330
923
875
983
904
908
1043
1384
970
1366
874
1289
1020
922
1095
1138
1112
1002
913
1131
944
1041
1321
952
1321
922
1269
1007
997
1445
1033
1311
1033
1843
926
1164
1001
911
1249
1144
1333
835
1285
861
1241
1519
928
1031
984
932
1196
1299
977
918
1162
922
924
1144
1003
1176
924
1672
924
950
1051
920
1125
1326
1281
1022
880
1063
1065
1671
1005
924
1315
916
1154
940
803
1186
1160
946
867
944
948
1331
1310
1030
1368
1394
946
1035
1009
920
1899
940
930
1120
1061
960
980
1335
1073
1176
1248
1420
1370
1990
1527
3147
1850
979
916
1416
1313
981
1133
1061
1190
974
1813
1370
1728
967
1106
1075
1235
1057
1073
1160
1461
1685
1398
1812
956
956
1184
1206
930
1170
907
1507
921
1091
914
1016
942
1475
980
1344
849
1194
924
1283
1745
1555
1000
969
825
1045
1029
960
1591
1178
886
1053
1402
942
922
1012
1388
960
969
1251
1521
1000
949
1031
1089
922
922
920
1319
1009
1061
1002
924
975
1392
1354
964
1319
1529
1259
1235
942
1112
906
912
1128
1615
1160
988
1499
960
1047
1091
1880
1366
981
931
950
1035
1005
938
1123
920
1210
932
1180
1133
964
1543
1839
1309
1606
1957
1047
1347
1789
992
1349
1142
1164
1361
977
1455
1062
932
969
920
1019
998
1057
1830
1378
1271
1727
1890
991
1063
1493
1095
1156
1850
1729
1100
959
1602
1769
940
1787
1162
1033
1701
1221
1738
924
1578
1888
1004
991
1135
1436
1501
1275
1041
1590
1059
976
1350
934
1326
1356
1053
1888
1228
1335
918
1449
992
1317
1571
1126
1610
803
1127
1287
930
888
1450
1420
906
926
1120
1316
1021
1614
1128
1200
922
1253
1073
1369
1542
1197
1378
988
969
1646
1729
920
1199
1438
972
1108
1160
1061
1346
1033
1517
1434
1134
1336
1008
1823
1751
940
944
1616
1154
1354
1313
948
1151
1174
953
1602
1731
918
950
958
974
1579
942
1398
1482
1207
1617
1838
1055
1213
1122
1636
1102
1133
914
1137
1628
1021
1749
970
1091
1230
1329
1359
922
896
1477
1041
916
938
1860
975
1287
1489
952
1132
1128
1291
1071
1083
1152
916
1757
916
1033
1139
1428
890
992
987
1055
988
926
1416
1122
916
1380
910
790
934
1095
1723
924
1234
922
1531
1483
1269
1174
1394
946
1081
880
772
1450
1354
1005
1442
831
1007
922
815
1369
948
881
1814
916
859
960
1501
1015
1065
1136
918
916
986
1049
1073
1749
1113
901
1129
1033
954
946
1422
1040
920
1668
1362
875
1170
1253
920
1279
1489
1656
910
1253
998
924
1279
1410
879
1372
2009
1894
1638
1301
1589
1399
1063
1521
1166
1281
1454
1216
992
944
1429
1019
1166
882
910
1156
962
1004
1098
975
1394
1049
975
1693
1024
1438
1049
880
1830
984
1337
1854
1166
918
1035
1005
813
1794
932
908
1156
918
1438
996
1061
1463
932
900
985
906
944
1229
1067
942
1143
1147
1271
918
1450
905
1307
1264
1007
1220
973
954
1039
958
1043
1301
870
1283
1012
910
1045
1521
968
868
1593
1037
1321
956
1077
1227
1193
1061
911
1838
1263
916
1181
940
1142
1045
1009
1017
922
807
1563
1126
1093
966
911
948
1037
1023
926
1174
1293
1012
1136
1156
1000
1490
938
1584
940
1164
1109
1561
951
1090
1491
1527
1245
1132
999
1122
1047
1103
1134
1729
1018
1172
861
1029
1057
922
1004
885
766
1245
926
928
922
1291
1106
1152
914
1291
1259
1499
1275
1408
1363
936
958
1142
793
1002
1187
908
1314
942
1007
938
1151
1210
1451
1047
1019
1158
914
1479
1033
1261
1420
1037
1358
946
1158
915
1068
1154
1067
926
1645
1140
1251
1319
930
1055
1588
1160
1015
1218
1571
1027
1011
1047
1293
1315
908
1467
1031
1025
1311
1021
1499
1007
934
1202
978
906
1136
1112
938
1067
1158
918
1307
938
1390
1023
924
930
983
1311
1217
1766
1396
912
2089
983
922
1989
1114
989
1474
989
1469
862
890
1813
927
1666
1388
984
1303
977
1198
1297
1834
924
902
1243
902
1082
1305
1019
1001
1654
878
1636
1031
1029
922
1027
1664
1680
1043
1098
1038
1188
1212
1009
1081
928
1323
1805
1245
993
985
1388
940
1127
968
1008
1247
1118
1053
914
1553
1618
948
950
1610
1182
1094
1355
1006
1015
1471
1073
1807
914
1672
1331
922
1484
924
908
1015
920
1469
1012
1321
977
920
1301
957
1573
1057
909
1841
1350
954
1222
952
944
1045
906
1281
967
1309
1134
1160
922
962
930
962
1025
1553
948
986
1846
823
1116
930
909
1156
920
1110
1029
1483
1394
1027
1138
1910
1011
1903
1220
1299
1047
950
1307
1162
1129
1692
951
948
968
1069
916
1685
1271
1127
918
1223
813
944
1392
1287
1526
1625
1533
1261
960
1565
978
1485
1542
1273
1198
1761
911
1101
1136
1207
1055
1057
1487
1424
1434
1149
1656
1919
1567
1305
1277
1446
1329
1431
900
1075
1783
1045
1616
1281
1392
1816
1007
1898
966
950
1559
1187
1247
1059
1186
1208
1041
1161
1077
1228
1308
1670
1210
1726
940
1444
960
871
1031
950
1293
1295
978
1811
1323
1142
1208
1347
1454
926
1079
1787
1283
1166
1051
1067
1677
1303
1103
1481
1160
963
1047
1309
918
1392
1486
1648
1858
1301
940
1458
1045
1515
1181
1638
1229
910
1033
1130
926
1035
1339
1004
1305
1023
950
990
918
1343
1624
1519
1850
968
1961
1209
1305
1821
1505
1097
1138
1144
1960
1763
1761
1884
1295
958
968
1067
964
918
1483
1533
1259
922
995
940
1751
1029
1808
906
1069
1160
1192
1226
1269
1112
1426
1075
1174
957
942
1915
1191
1825
1069
1067
1180
1087
1630
1777
1955
1283
981
942
1067
1340
918
962
1090
1210
1656
983
1323
1015
924
1158
940
1130
1140
1047
1084
1051
1081
1164
1023
1233
1494
2041
1652
1143
1254
1297
1338
1168
821
1005
1114
1037
958
1192
1006
1099
914
1117
1011
1263
1480
1133
1043
910
1013
1065
1119
936
1044
1133
1067
1172
916
930
960
975
1135
950
1160
795
959
1017
811
1190
823
1127
1127
924
1111
916
1180
1089
813
936
899
938
986
1002
952
1119
1162
1329
1806
1123
962
1326
1105
1204
924
1270
1382
1168
922
906
996
920
1051
998
813
1253
932
1428
912
936
1009
1148
948
1182
1005
966
918
1005
1310
904
1128
1749
1554
918
991
957
930
883
786
936
900
1019
920
936
940
1006
1113
1095
992
1232
819
1081
962
1382
954
1138
1289
1006
791
1822
1037
1395
1737
940
1007
809
1045
940
928
1139
1285
995
908
1372
963
960
1023
901
1221
915
1402
984
823
1051
821
869
773
1061
918
1442
1166
860
787
1319
966
1299
911
1166
918
968
922
1250
1614
1004
876
773
974
922
861
1178
958
1101
942
1041
1238
1043
1305
1249
1654
1073
1084
930
826
914
1414
1172
964
1786
1117
1330
2011
1252
1620
3298
1327
1301
1257
1196
892
1343
1303
1842
1061
1739
977
966
1725
981
1005
1543
1728
948
1618
1555
1767
956
1464
1049
1318
1328
1192
942
972
1245
922
1033
1142
1384
862
1797
1238
1031
1168
851
1104
1126
1267
1111
1162
1184
1159
1097
1553
1535
1763
1176
1436
1229
1027
1423
1055
1094
1438
1331
1051
1110
1057
869
1214
1275
1415
1021
962
841
1156
1042
1842
1076
1321
1067
891
1138
986
934
999
1031
2062
1065
1160
1517
853
1081
999
1289
1781
1536
1578
1061
1275
1148
1039
1462
1334
2124
1898
1489
934
1262
946
1138
1618
1320
1488
1104
1245
958
1818
917
1184
1117
1209
1156
990
1067
984
1438
1020
1766
1164
869
1015
1118
1136
1190
762
1192
881
922
831
1147
1034
1043
918
811
930
1404
1233
912
1093
1338
1216
1146
1136
1182
915
1265
1132
860
1442
772
1079
984
928
1581
1118
1035
1398
825
1575
1009
1521
1817
1327
1204
1170
913
990
1386
972
1646
904
1106
1013
912
928
1251
1295
1575
1045
893
994
1157
1233
1455
1023
996
771
1192
986
1218
978
917
940
1473
964
1333
930
1273
882
839
1192
1178
1081
1033
1255
1331
912
1024
992
922
821
1156
1029
1493
928
914
1155
1047
1121
1013
1035
985
1388
1057
960
1002
912
1049
1937
811
1495
1155
863
1067
1204
1226
1136
827
961
1099
860
1053
1317
1444
1156
1027
1187
1143
1184
1499
1039
1473
952
1358
958
1055
1016
852
1166
1107
833
1271
940
1037
1008
1307
898
1184
1162
1448
877
1181
1247
1227
1138
1053
1128
1041
1061
1499
1220
1134
1533
934
811
2031
1027
1061
922
944
1344
1267
840
1110
1147
924
1031
1227
930
1059
1057
1102
1144
1410
1764
1199
986
1049
1202
1461
932
1218
841
1216
1115
1138
1103
1142
1267
1206
1677
875
1194
769
1186
1519
1021
1560
952
1033
1285
1198
1208
1255
1134
1009
1199
1059
1126
1125
1126
1454
925
1309
1129
815
1202
1103
1212
1037
1176
1020
1126
1555
1027
1271
1360
1150
1069
833
1120
1122
1105
957
1094
926
1297
1741
1160
1077
1140
1271
1069
1166
1127
831
1299
1267
1127
1303
1241
1214
996
1043
1102
1010
942
1166
1646
829
1122
926
1777
1182
1064
1168
1150
1121
922
1119
1363
946
934
1458
916
1819
894
1475
1232
1244
1311
999
1043
1739
1100
1449
1063
1098
1467
1106
1002
1125
907
1033
1598
928
1043
1011
1174
873
1022
1539
900
1347
877
867
1251
1170
1038
1120
1028
1047
1146
1257
910
1188
1061
914
1334
1273
1158
1184
1539
951
1229
1039
1212
1117
1473
1037
1218
922
1243
924
897
1182
1456
1477
1184
1231
895
1178
1120
1194
1128
1066
1128
1250
1019
1210
1271
898
1945
890
1455
1503
1499
1469
1392
1394
1081
1132
805
1285
1281
1034
1457
807
1206
1180
815
1876
1303
1049
1178
1186
1049
1168
1028
1281
1015
1027
1158
1150
823
1309
1158
856
1125
961
993
1160
1073
1271
1137
1137
1148
1166
960
1941
1055
1263
1229
1198
970
1472
1146
912
1255
1317
821
1285
1076
1060
1225
1029
1216
1160
983
924
1255
1215
934
1196
981
907
1285
868
1063
1462
1037
1860
928
928
1023
946
991
1175
1152
1204
1162
1318
1120
1115
964
959
1178
920
1231
965
1216
1113
859
1023
1835
1289
1126
823
1045
1031
1035
790
1220
827
1436
1007
1095
948
1022
1253
978
934
1127
1134
1039
1062
960
1176
1166
1115
914
932
908
916
1045
1479
1307
871
1049
1033
760
912
924
1004
1042
1182
1061
940
995
934
910
1174
948
1473
948
827
1188
1040
1217
1141
1012
950
1061
1111
1181
846
1301
1172
869
813
1132
821
1166
964
1283
904
1033
805
1259
936
1041
1263
1034
1197
914
1178
1129
827
908
914
1039
1249
922
1134
1039
1051
1025
1257
942
930
1131
817
1067
1515
1242
829
1172
1049
904
1319
819
1251
1298
991
991
1027
1151
811
1083
948
1224
1047
1440
831
1013
1031
1297
1006
1134
946
922
908
1124
817
1235
839
1005
1188
813
1168
1037
951
906
900
907
1007
1040
1113
823
1188
912
934
1029
821
1172
768
932
1483
1137
910
912
1017
1115
999
917
1176
1555
920
821
1089
1874
999
989
1270
1029
1340
960
1299
1424
938
1224
1455
912
1458
870
955
1561
1237
1700
1136
1247
1199
1049
1198
1254
1015
1196
1126
1133
1117
1178
1124
922
831
1210
1130
1194
1291
1208
829
1398
1053
1057
1132
1168
817
1313
966
1226
1172
1051
1117
1283
1203
1190
1033
1206
1055
963
1170
1115
823
1124
918
823
1259
1127
839
1202
1025
1930
959
1188
1109
1293
1002
1295
1053
1295
1160
1162
1167
908
1091
1228
821
961
1211
1271
1379
1130
1723
1009
1016
1573
1202
883
1158
781
1190
1281
1196
1402
1193
1025
1311
1040
1267
1216
968
1041
1030
1172
1186
1145
1160
908
1136
1188
815
1136
1190
1162
1168
833
1182
1049
958
1221
1125
1047
915
1398
1124
825
1224
938
1057
920
1172
827
1129
1144
1146
1383
1227
1287
1037
1428
1063
1069
1136
1568
904
1443
945
946
1150
1234
916
1614
1459
1850
1186
1162
1140
1162
1059
831
896
1202
1180
1059
1321
1061
1162
1126
1040
1301
996
924
1259
1467
1113
1602
967
1541
1332
1069
1230
1126
1222
978
954
1206
813
1188
1166
924
1118
1735
1293
1483
977
996
1063
1019
1477
961
1156
1051
1023
1608
1015
998
1299
1578
1325
1153
1069
813
1301
1076
1855
1176
1829
1126
1159
1168
1061
906
1187
1259
1069
1432
1124
1045
1168
957
1121
1320
1654
1170
1166
1073
1156
1775
1325
941
1435
1638
936
1654
1059
1215
1043
1201
855
1255
970
1022
944
1187
1020
1166
972
960
1747
1269
1081
951
1417
1812
1216
1600
1170
1763
877
932
1531
1146
855
1110
906
1363
1327
1715
1908
960
1287
1097
1097
1269
1017
1315
1261
830
1755
999
954
1035
1126
829
1206
974
1626
1210
845
1263
815
916
869
1837
950
920
1337
2124
1031
917
1299
1722
819
911
1265
942
1266
1576
923
821
938
958
1926
900
819
1212
942
948
945
1336
1291
1660
1047
1684
1025
1484
1426
1340
1564
1187
1168
1487
1321
952
1045
1941
1721
1573
1313
907
1505
1076
1814
1606
837
1118
1657
1095
899
1130
1311
1279
1287
1240
1761
1182
1279
1474
1646
841
984
1781
1202
1089
1267
2221
5059
1512
1085
900
1237
1107
1299
1258
874
1849
972
1491
1573
1206
1198
1132
1634
1045
1429
1063
1531
1204
1180
1055
1201
1164
1067
815
996
1321
1028
973
960
1481
1055
1037
1061
976
1757
920
1383
1559
946
1029
1425
943
1562
1435
1245
1148
1077
1692
1299
1178
1459
1028
1468
1180
1006
1140
1009
1398
1218
932
1098
1345
902
1210
1162
1866
924
1170
1051
1002
926
1114
1315
1170
1215
1799
912
988
1168
979
1384
917
1271
1305
858
1042
1194
1690
1412
1111
1551
1309
1013
1186
1035
1680
1796
902
1666
1320
964
1178
1245
1956
1244
990
918
1192
914
1273
1061
1497
1557
1287
972
1390
1458
817
1224
948
1545
1765
1170
1258
1398
1660
1197
1069
1553
1783
1769
1366
1791
1313
1739
1309
1400
1356
1541
1101
1196
1925
1652
1593
987
1211
954
1160
1075
1646
1168
1801
1642
1880
1091
1404
1053
938
1004
1214
793
1513
1174
1228
1303
1180
1229
1160
1063
1325
1204
912
1535
1322
1068
1473
1517
1412
1862
857
1492
1376
848
1887
1303
1124
962
916
1002
936
1410
1533
1989
1807
1830
1215
1787
1043
932
1551
1789
1228
1219
940
1523
907
1159
874
1103
1021
1287
1608
1709
1010
940
1779
1135
943
1340
1479
952
1208
1092
1603
1753
1065
1369
1791
948
1821
1201
1751
1037
888
1109
1085
918
1051
1156
1069
1182
1266
1071
1172
1150
850
1208
1586
1557
926
1626
1225
967
1164
1300
1129
828
1277
1485
1079
992
1170
1234
1261
1277
1120
999
1071
1283
1190
819
1065
916
871
1277
1313
1001
1352
946
1031
1221
1465
1491
1202
964
1027
1168
950
1186
1164
1293
1548
1509
1350
1015
1497
1009
1184
855
1153
1268
1466
841
1198
1067
1329
1051
1134
1229
1487
1244
928
1587
1178
1132
1043
1289
946
1075
1152
1638
1807
1007
1309
1525
924
989
956
997
1246
1379
1027
1228
1222
1277
1039
966
1146
1127
1033
940
1011
907
1336
1215
1126
1109
1140
1190
1496
823
1210
1104
1035
1072
1033
1214
1045
1269
944
916
952
1001
1126
1221
926
907
1502
1127
858
1271
952
1196
1009
1458
973
934
1124
1045
1271
1449
920
998
1343
1002
924
1051
1043
1001
1202
1023
1158
865
1470
839
987
877
1828
1559
1249
964
930
993
906
986
1155
1299
1188
1045
1178
1013
887
1362
1266
1152
912
1065
968
920
1019
1309
1926
1148
994
1656
1289
979
996
1155
1311
999
896
1002
970
1031
1278
1144
1043
1065
986
1174
1009
1055
950
1265
1506
1012
1146
1045
1235
1287
1263
1039
1255
916
1303
964
997
946
1183
1049
1323
1013
1017
1271
1618
1069
1219
952
1612
992
1176
1612
918
1129
1402
1012
1459
979
1126
926
1009
1307
1554
1386
1717
1015
1384
997
1238
1203
1091
1059
1621
813
981
932
1501
1796
968
928
1089
968
861
1134
1267
1537
1223
1190
1527
1318
940
1309
1166
997
1190
1030
1297
1124
1085
1059
1136
1027
1190
920
1208
1235
817
1195
928
986
999
997
1186
1318
1047
1335
1039
885
1414
1577
1212
924
1029
1289
906
1003
1200
1045
963
1152
959
1139
1149
1283
1217
901
932
1485
1212
1225
1018
1135
873
1398
1043
1041
1030
1257
1178
1022
1261
948
1406
924
1295
894
978
1299
976
898
1229
1138
1087
1001
1057
1182
901
1157
1273
1027
909
976
961
1003
1703
1001
1271
1051
917
1077
1303
861
1561
1301
976
1019
1458
1012
962
1816
1012
946
1585
1353
902
1303
942
1090
1142
1133
1178
1003
877
1037
1091
1107
1255
1222
908
1087
1425
974
940
1275
1133
983
1057
1027
778
945
898
1103
958
887
1187
938
918
1084
1493
1104
1422
1037
918
1457
920
1148
1162
1225
916
904
958
918
1101
1049
1369
932
1557
958
1053
1133
987
1063
1023
1275
992
1291
880
1162
1906
1142
1174
894
1156
1003
1450
1065
2642
1728
1017
853
1186
1483
1121
1271
1269
1130
1013
898
932
932
1079
1285
1156
2110
831
1184
1063
905
1969
1303
1009
1141
1313
1140
1172
978
972
1160
896
1303
956
920
1077
1121
1484
994
1204
1035
1416
996
1053
916
1442
952
1114
1372
958
955
932
1035
1374
1041
1487
1152
1507
1291
900
1166
1028
920
1139
918
995
1043
1495
1529
1004
1149
932
1079
1322
924
894
993
1223
1004
1170
999
1014
1064
1236
1039
1297
926
1118
1188
923
1162
1004
899
1031
1179
913
952
1098
1061
1013
1277
912
1076
1455
1027
910
1179
1135
1404
926
1059
1012
1920
942
932
875
1344
989
1003
899
1245
1384
1140
813
1065
918
1612
1148
1041
968
1283
921
1027
1112
910
1761
914
942
1285
843
1451
1287
1025
1242
1318
1412
1319
1008
987
1307
1146
1470
1254
1128
1390
928
1257
1214
903
1226
1305
1001
1158
928
1087
996
1136
1267
1302
983
994
879
1036
1142
1180
1067
1188
1299
1204
1180
950
967
1321
906
1025
1203
1447
1045
1487
1050
1328
1229
1044
1237
1281
960
990
1023
1061
1237
926
1083
1129
912
1247
1083
996
1316
1011
1275
1188
1709
1176
1189
1255
1174
1214
1087
1152
955
1030
1267
921
1187
1002
1019
1564
1474
1006
1281
1104
1130
920
920
1247
1029
942
1398
1120
912
1232
1309
1398
914
1426
886
1134
913
906
1309
855
1119
1024
1196
1341
1019
1029
1293
1188
978
1245
924
1108
1460
1055
1396
918
1318
995
1038
1636
948
1271
1485
1041
1124
1291
1303
922
1232
1148
1295
1023
1051
1045
940
1279
1461
1256
907
964
987
1000
903
982
1149
1342
999
907
1053
1021
1186
910
956
1291
1003
1297
1190
934
1019
974
1001
1007
811
1077
1132
1037
1180
1618
1051
1287
1015
946
1292
6254
988
1210
914
892
1312
1043
941
1085
1162
1190
982
1144
1186
1019
1541
1065
1103
1180
1035
1045
1050
1041
1602
1057
1013
1309
923
809
1150
1400
978
1115
993
1358
920
971
1331
906
1073
1184
1035
1285
923
1071
1059
960
1174
1392
946
918
963
1035
1133
1311
1422
1179
900
993
1045
1037
1279
1057
1204
1291
950
872
1154
1447
912
1172
1489
1109
1202
1333
944
1155
1218
1214
1287
985
1026
964
1033
1255
1512
1602
1321
1187
1477
1206
1055
1307
1098
1178
1156
975
1024
1016
827
1185
932
1032
978
1032
1138
1077
1458
974
1273
1273
1139
1055
928
1002
1008
911
1304
932
884
976
1148
906
1406
1469
1384
2606
1941
1109
1230
1186
1733
1577
1182
936
1024
1024
1164
1192
1320
1551
1634
1158
1537
862
948
944
945
1202
1461
1306
1374
956
1170
1142
1549
1214
1251
1085
1061
1230
1068
948
1253
1131
1355
988
995
953
948
1013
918
1033
1417
1315
912
1283
1327
1394
924
1041
1203
943
1188
1122
894
1151
1511
1297
1018
837
1218
1063
1045
1220
942
1083
1051
1456
1311
1370
1236
1408
1007
1196
990
1313
1327
928
1308
1497
1053
1150
1579
1051
1323
1011
999
1321
1454
1038
1225
1446
1291
903
1569
1061
1148
1158
1223
1059
1307
970
1276
1457
928
1269
1440
1006
1287
1148
970
1099
1032
960
1287
1823
1372
922
1608
1008
974
1324
1870
837
1230
1017
972
1453
981
1642
1267
2002
1474
1668
864
1170
1523
1275
940
989
1122
977
1716
1017
819
1112
1593
926
1190
1037
768
1055
1180
1742
1116
1014
1089
1065
1600
1023
1192
1236
1324
1011
995
1053
1680
1172
1199
958
1127
1055
1763
985
940
1713
1006
952
1220
1257
965
1494
934
1032
977
1868
1344
1519
1283
1002
2217
1206
1117
1851
1293
1205
1137
1521
1078
829
1920
973
1817
964
1517
1140
1443
936
1360
873
1081
963
927
1110
1485
1011
1439
922
1842
913
938
1057
1309
895
1271
914
1271
1101
1682
1398
891
1527
1010
1043
1001
984
1309
1650
1160
923
1261
989
1168
1357
1872
1382
1053
1791
1016
811
1269
952
1545
1601
1112
908
1110
1047
1330
1136
1273
954
920
920
932
1216
1354
841
1128
970
1010
1071
1593
1015
1192
1014
1049
1116
1680
1059
1007
1408
1151
882
1255
855
767
1273
1470
1700
1467
833
1672
1249
1031
930
1261
1002
1071
1041
914
973
1309
1188
989
1023
1340
1069
1178
1967
1002
1019
1092
1124
983
871
974
1043
1094
1043
1013
1541
1244
1011
952
1495
1889
926
889
1340
946
1432
1282
961
1188
1477
1039
1767
1137
1014
966
831
1497
1745
914
1499
944
1537
1823
1529
1126
1731
1481
1487
981
1202
1525
1533
1246
1521
1144
1561
1913
995
1217
1222
996
1053
1918
1275
1041
1466
831
1531
1219
819
895
1327
899
1533
1747
1148
797
1568
1525
1467
1291
1208
1787
1501
1225
1481
1195
1452
864
1243
1757
1517
1747
1688
1453
1515
1004
866
962
1255
1006
909
1089
1134
20174
1714
1305
1130
873
1799
1146
925
1218
1231
1122
925
1039
1045
1019
1383
1484
1180
986
1283
1216
1042
1343
845
1341
1251
1162
942
1146
1291
962
1162
1249
1220
1034
1071
928
1003
916
1146
1204
1142
1041
1463
926
946
1277
1229
888
1275
1021
1255
1033
1214
1104
1241
1152
1198
922
1067
934
1402
1166
998
1014
1036
1079
1468
974
1039
1521
1180
1202
1321
1053
1144
1258
1668
997
1730
1031
1115
1146
1061
1241
1951
1045
1147
915
1071
1039
1094
1157
1135
1077
1479
938
1136
1402
1293
938
1002
1312
1003
916
960
1195
1130
1214
996
1037
1112
1548
1015
1460
1212
1275
903
1140
1432
893
1348
1309
1181
1321
1185
1057
980
1023
1017
1486
921
1027
1057
1012
1194
1277
963
1150
1053
922
1622
813
1479
1021
1045
1345
924
1634
1523
1218
956
1263
1035
918
1870
948
962
1216
981
1146
1168
916
1025
1598
1027
963
1172
1000
1035
1025
1030
958
985
1023
940
1240
924
1023
1200
1017
1199
930
1105
988
997
815
980
1023
1113
856
1089
1035
1122
924
914
1039
1427
835
1297
956
904
994
1152
979
985
1252
782
1197
1023
1624
899
1073
1277
1231
1384
1291
1293
1013
984
946
1382
940
1119
1128
940
957
1035
1185
1055
977
948
936
952
950
1122
1338
1218
1028
1031
956
821
979
865
1301
1045
968
1586
1188
962
944
936
1019
1066
920
950
1043
1446
821
994
1152
1023
938
829
1049
1470
1091
1025
1000
768
1318
1005
1011
1109
1146
1384
956
940
1021
1453
1027
1114
984
925
1047
1024
938
1041
1049
958
1150
1455
904
1117
833
949
949
853
1190
1029
1035
1047
1314
817
1242
815
1119
1035
936
1043
1119
825
1254
966
1024
916
821
1063
817
1055
918
1013
1023
1025
972
1122
1041
1551
773
1188
815
1057
1220
1118
1037
948
1007
1589
1180
853
1122
944
1273
1113
1043
914
1396
1044
1319
936
968
1123
940
1576
1249
1030
1106
817
829
1009
867
1465
843
1049
841
911
1515
1126
1047
1053
1144
1118
1489
898
1081
1471
997
1018
1287
987
930
1198
1176
1051
1614
1004
1297
1132
1547
1336
916
819
1148
1125
1126
1186
1668
1158
1500
912
1166
940
1083
1035
1053
1156
940
1053
1892
1172
823
1444
916
968
1023
1035
1774
955
948
940
1237
1275
809
1018
993
1291
1069
930
1203
1156
1553
1275
1135
1466
1527
861
1063
1216
777
1218
835
1368
1055
1115
1322
1138
1143
1134
1067
1244
1184
1116
940
1454
1013
926
1452
1015
1007
1049
1323
1065
1444
1061
989
1431
1119
1037
1143
1483
873
1166
1291
1559
1037
990
1168
815
1174
956
916
1215
1140
1204
1184
823
1174
1057
1073
1158
1424
1565
1428
1021
1020
1182
1196
1113
785
1178
1474
773
1285
1126
950
1132
1591
817
1208
1182
1157
1305
1035
1184
1201
1027
1128
1114
1202
1283
1148
942
1000
936
1192
1184
911
1109
1202
1032
1809
1172
817
1287
1135
1150
1366
1047
1049
827
911
1478
1119
1035
924
1083
954
1036
1206
1164
996
1130
1033
1031
1053
948
912
1258
871
762
1186
1029
938
984
1163
1049
1037
938
1477
928
773
1047
1126
1031
988
1611
1085
928
966
1222
916
1208
1465
1134
942
795
1150
1041
1146
946
948
902
1127
1061
911
1197
1130
877
928
1037
1001
1579
1212
1037
920
1045
953
1134
901
1140
821
1259
912
1134
825
1150
821
941
920
917
1174
1051
942
966
991
1190
910
936
918
1152
819
1134
924
1176
926
1309
1029
775
1186
831
997
942
851
1194
1033
938
1061
1183
934
1002
1190
941
934
932
1013
934
1005
917
1019
1236
999
1176
1267
948
1176
1025
1117
819
1019
1030
1229
979
932
970
1126
1033
1017
1136
1160
1021
1337
817
1186
825
1162
1164
840
1166
995
1061
809
1114
1049
999
980
938
1111
1037
1450
912
1192
908
996
855
1206
1133
811
1067
827
1261
944
1168
1047
929
1069
948
1190
1136
1043
1321
1313
922
1011
1180
1182
1485
1394
1808
2261
3018
1491
1287
1342
1823
1539
1303
1097
1309
958
909
1283
1582
1055
964
944
1226
1497
1045
994
1557
993
1119
1234
970
916
1134
1257
1356
1291
1283
1418
1384
1802
1517
1191
1115
1214
948
961
1092
1305
1162
1247
1801
1793
1483
1003
1613
1602
1230
1057
859
932
948
1307
1263
985
800
1219
823
1133
1263
1061
1113
837
1412
968
916
1166
1170
1194
960
1148
1302
1162
996
829
1572
992
940
1499
1202
1228
1277
1257
1691
1166
936
1497
1293
1302
900
1442
1012
1578
1187
1326
771
1323
975
906
1142
1031
936
1180
922
825
1087
1035
1354
1214
985
1769
1252
825
1043
1497
1408
1198
1134
1269
918
1491
976
1131
867
1110
820
1208
1192
1001
1172
1521
1134
1083
1279
1741
1079
1244
1192
1275
1067
1037
777
1825
2140
1759
1317
1791
1115
1043
926
1061
983
1404
1443
839
1761
1022
833
1127
944
1783
1063
1313
1182
1128
1140
1605
956
1062
1063
1350
1256
1156
905
1095
984
1411
1255
941
1309
930
1935
1380
1154
1888
948
1198
1190
944
1156
1497
1151
1170
932
1069
1124
1076
1293
1735
1099
1123
1116
765
1295
1200
1493
1281
987
1481
775
1190
1130
1160
1087
1118
1882
1100
1000
848
1107
1140
1203
1047
1149
985
1136
823
853
1299
907
819
1122
817
1059
953
1093
930
773
1281
925
1174
920
1332
827
948
928
1190
1068
1204
817
993
1141
1009
1029
1057
811
1057
850
1236
944
1069
1312
827
1021
1533
1293
1157
1636
1033
1004
1133
773
1123
983
1115
964
1085
884
972
1184
1061
1028
910
1075
928
1041
1529
771
1281
813
991
1186
1015
1115
817
1159
845
1022
1291
938
1138
815
1166
1214
1198
932
1034
942
1041
942
1041
876
918
994
839
1120
783
1213
854
856
950
914
956
1031
947
811
946
813
1194
1027
944
1051
1265
914
1503
920
918
1184
957
932
825
1182
936
1239
970
932
860
1166
819
1499
849
1137
934
1043
1326
768
1211
819
1218
815
1122
1004
978
1121
1251
1255
773
1174
1034
1215
811
1116
877
1450
1213
1037
943
1360
983
1967
936
1003
1424
1027
883
1178
813
1444
1481
1182
1127
1063
1160
1275
1057
846
1003
1037
1013
933
1102
1944
1138
910
1248
1115
1229
1037
1029
1416
1326
1170
1634
928
1259
1133
902
940
819
1111
1117
1285
964
1124
833
1098
1133
1039
1164
1033
1425
936
1199
1462
1136
1034
1212
1137
858
1464
1757
920
1308
1269
1019
1168
829
1185
1094
1159
1162
870
1269
1212
1477
1301
1118
972
1227
1130
921
1222
828
1180
1132
1134
1239
1047
1469
1019
821
1170
1160
965
1156
901
1055
1188
1527
1146
1070
1202
1225
855
815
1309
1150
984
1298
960
982
1358
819
1271
869
1077
1208
1178
930
1148
839
1351
1471
1213
1131
1180
1138
1204
1640
1207
1184
1134
1158
1057
925
1023
908
925
1118
1428
1207
1033
1101
1201
1328
1128
1039
1067
1013
821
1274
1408
932
1069
1230
930
957
1449
1029
1805
1216
773
1202
1112
1443
958
974
1541
1245
928
1263
1141
978
1158
998
1144
1194
821
1200
1271
1147
1499
1281
1294
1009
1154
1299
1426
1178
1201
1203
1192
1147
1035
1055
942
1117
1043
823
1190
942
974
1023
920
1428
1519
916
1543
827
1470
767
1305
926
934
1057
1042
1147
1105
785
1172
860
1302
924
916
1116
1039
974
1011
1216
946
903
1031
805
1110
938
1112
1180
1110
1232
1033
934
1580
987
855
1176
1018
1012
1130
811
924
771
1303
1041
1129
1202
1073
932
1031
1004
1164
1132
1327
819
1116
926
985
1480
1136
990
1136
930
926
1023
988
1144
1063
1035
1032
811
940
831
1114
1158
930
946
1057
1297
970
1124
835
1172
950
1029
1125
835
1125
912
1178
1122
1023
1021
1023
932
1030
1253
825
1289
1049
815
1055
898
1434
1468
1007
1168
1049
1491
1023
820
1293
1222
1150
1222
821
1189
1128
817
1013
911
1080
1207
1239
1178
921
1533
1287
1174
835
1245
888
1101
1383
1277
930
1791
1126
948
1148
823
1051
1478
1182
1275
946
1473
1186
815
1240
920
924
1123
1202
1039
906
928
1164
1396
898
1561
1055
1206
1039
966
1168
1331
1228
1240
833
1575
1291
1000
1208
994
1111
1047
1029
1115
1015
1499
904
1495
918
904
1146
1277
1602
960
1455
1217
1503
1196
1289
1186
1337
1467
1005
1039
960
1437
1473
1396
1180
942
825
1308
1656
1204
1311
1115
1765
1448
1521
1733
928
1432
855
1166
1263
1424
1418
1769
1666
944
922
1800
1146
954
1206
1174
819
1347
1069
1294
1555
1162
1753
1063
1211
1079
1104
1860
1699
874
1139
962
1274
1388
1781
1071
1363
1210
852
1174
1039
1311
1162
942
1118
1150
907
1741
912
888
1452
1103
1140
1106
1305
1039
1091
1208
1216
1120
831
1156
1053
1317
954
1007
1259
1039
1136
1239
793
1191
1315
956
1472
1081
1272
1301
1122
1344
1156
1303
1137
908
1063
1180
1001
1278
918
823
1184
1029
946
1464
1463
1116
1045
995
1196
1067
1436
1442
1081
1271
1136
1134
1456
920
1073
1282
828
1069
1011
1075
1400
960
1079
1004
1042
1937
942
1007
1067
1459
1000
962
1182
906
1059
1012
1205
1178
904
1188
1065
911
918
990
1145
1521
2057
1545
1301
2033
921
1146
1188
1648
1064
912
1454
1142
918
895
1158
863
1172
1249
1204
1187
1033
1019
1013
1204
1096
920
1132
1345
1005
902
1025
926
1035
1281
1192
1087
1836
1039
1112
952
948
1283
918
1486
1381
1136
1146
950
1588
1232
922
1049
1210
1335
1317
1017
1034
1208
1622
825
1105
924
908
1143
910
1093
1061
922
894
1035
1026
1432
1491
886
1437
1170
1540
1277
1339
854
1352
928
972
1172
964
1398
1785
1872
889
926
1295
940
1247
924
927
1047
1059
1033
912
990
1259
924
1207
917
1033
997
928
1221
1108
1229
993
871
954
879
976
1145
938
999
926
1126
924
1029
1029
1126
1121
936
1021
906
1037
989
1125
955
1041
936
1085
934
1213
1461
1008
924
1006
1295
1180
936
1045
930
1093
1283
1021
871
1287
940
1529
1378
958
1287
979
1295
855
819
1310
910
1047
1178
920
950
1172
1470
982
1267
1447
1257
1031
1013
1273
900
1290
1083
1039
1011
1035
1055
1045
829
942
922
936
1085
1049
1465
1297
955
911
1404
1217
928
2239
3115
4123
1273
972
1271
1525
1452
1192
1061
1257
1406
1126
1132
1088
1130
1226
1801
1430
1532
1237
868
1563
1018
1434
910
1273
1008
1027
1362
1678
1293
1363
1380
1029
854
1231
1196
950
1187
1315
1041
1874
1148
1204
1206
1045
1011
1559
958
918
1583
914
918
936
891
1210
1013
1103
1055
968
1198
1299
1179
1134
916
1295
1289
1373
988
950
1099
1511
1358
1506
1004
885
1206
1154
1200
909
1206
1047
1207
1495
940
894
1432
908
1017
1053
1103
1311
1113
1563
1156
839
1081
942
1574
893
1332
918
821
1158
1063
1092
1485
1287
1263
927
1191
1348
1023
1212
1820
1007
1154
972
928
2122
1041
1096
900
1121
1216
1319
984
1008
1192
1035
1229
1464
917
922
978
887
1416
986
1043
1265
1074
906
1085
1463
819
1080
1023
1150
1346
1018
1735
995
1027
1348
1208
1012
1656
1482
1588
1019
1452
1187
1176
775
1178
954
994
972
1017
1200
1071
975
918
1363
1222
1198
1204
1255
1902
865
769
1285
861
1248
1166
981
821
1163
1023
1279
1481
1525
1166
902
1045
1170
930
956
981
954
917
970
865
819
1250
916
1283
861
1022
1041
916
1160
1172
883
1200
926
1045
963
972
917
819
1327
1844
848
1127
1117
1136
1009
950
1156
1209
920
1022
922
934
1874
958
1143
1511
1707
1025
778
1193
1490
1152
1061
1047
922
1106
811
1436
1031
1166
948
946
932
1037
1119
1313
1327
948
990
949
976
958
1047
1120
1192
1602
1186
914
1088
891
1009
944
1033
1479
1045
1015
1119
1035
940
911
936
1178
1033
1184
948
866
815
1109
905
1267
954
1192
956
966
948
1131
983
983
1103
1019
990
821
1309
964
1180
1077
1031
920
777
1251
916
1255
1021
1483
878
997
900
1108
1043
940
922
1091
1238
1015
1174
1069
1164
1037
1013
870
815
1120
910
1276
922
1586
950
1023
1077
1128
1039
1051
1176
1017
932
1186
1030
1178
817
1176
863
1180
1057
988
950
1238
819
955
909
1023
936
1022
1000
1168
1464
984
1006
917
922
934
1111
920
1334
916
924
1017
936
1577
1491
1834
1033
1283
987
1031
1198
1068
948
1271
928
1039
1318
1043
1235
1942
1039
879
1354
1067
1160
1372
827
1471
833
1029
956
869
1069
1295
1174
962
1162
1113
1045
962
1033
1198
1228
1017
912
1065
913
960
908
1055
1023
960
927
1170
1067
1180
948
1128
1032
1033
1053
977
1063
1012
930
1200
827
1507
942
860
922
1039
1176
912
1170
843
940
930
1029
921
1150
1270
873
1089
930
1033
919
1090
1456
1067
922
932
1053
989
821
991
982
919
948
1039
942
965
938
949
1166
1190
902
1132
906
1493
835
1258
827
1482
922
1039
1001
1144
1067
1003
914
1215
873
914
932
1047
1162
1147
1186
987
1053
932
946
1128
917
906
934
1063
902
1002
936
1053
821
1000
922
1098
916
1017
1105
841
1166
1178
1029
835
914
1023
1058
821
1125
944
1047
1469
980
1200
1502
1010
978
975
1178
912
1033
1075
1408
947
930
952
1000
922
960
1164
1095
972
922
811
934
1117
918
922
1079
882
932
912
953
986
1190
1747
1009
1326
762
1103
938
962
1158
1217
1049
1352
1146
1295
1006
1061
1216
1215
954
1059
926
1035
1089
831
1128
1009
1047
871
1299
1615
869
1309
1176
1271
1248
1184
1022
965
974
1065
928
928
942
1063
952
895
1139
1041
1100
1014
899
920
936
953
944
1147
924
1442
1027
928
1061
1443
1031
936
1025
936
1023
1055
928
1038
936
995
995
1023
1003
1033
997
1461
994
940
1170
1244
910
954
1386
1345
938
1513
1553
919
821
1437
839
1198
1468
902
954
1053
1123
1071
1275
1219
1499
1330
928
876
823
1035
1023
1357
938
1012
1213
807
1127
975
1309
869
772
1045
1051
928
853
1009
1000
909
1340
1020
919
1047
1126
978
914
1315
932
1011
1316
938
899
1010
1025
986
938
922
943
1158
1099
966
934
1325
955
1047
1265
837
1000
1029
914
1112
1055
1033
853
1174
984
1049
1323
1041
997
1021
1178
1126
892
1136
870
1176
1039
970
1471
980
1226
996
874
1291
1040
1176
924
1043
921
952
896
979
1027
1143
1134
1303
1701
1634
1351
1059
1049
1110
1146
961
1214
942
1122
1146
1166
1116
1144
906
1196
892
1007
1174
1783
1294
1005
1151
1001
1563
1123
950
1322
1142
1389
981
1029
1172
908
1210
1569
995
1033
1033
1201
1180
1174
1174
914
1160
1302
1063
1190
961
1091
1016
1277
1016
887
947
1037
1310
1164
1178
1598
1028
919
1045
1099
1194
962
1393
902
1093
1150
1059
940
1061
895
1140
1678
910
1459
957
916
1259
869
1189
1598
1030
1163
1045
1041
1424
990
1388
1021
918
1047
944
1957
1263
903
1126
1057
919
1316
1640
1065
1035
1394
1525
1491
1271
1209
1921
1172
1035
954
1065
1022
920
1091
1458
948
1124
920
1178
926
1362
1106
1093
1287
926
989
1043
910
1372
1255
1066
1382
1834
938
1202
1325
976
1196
1072
934
1015
902
777
1527
1630
1004
1315
914
1087
1216
891
1533
1295
1323
1130
928
1505
1438
1009
1003
1047
1188
1957
1004
988
928
1198
1154
998
1253
1271
886
885
1271
1237
974
1027
966
1449
1150
1007
1348
1473
1305
1426
1047
1465
1138
1265
1105
1035
1330
1057
1367
1373
995
1685
1810
928
1854
922
1061
920
1172
920
1676
1664
2098
938
1539
1269
958
1836
927
1221
1146
1455
1334
1122
1122
1321
1965
1011
1039
1541
807
1858
956
972
987
1263
991
1170
1126
1228
1001
1055
1125
1317
946
1239
918
1106
944
1099
958
1289
950
1009
926
1329
1450
1007
1449
867
971
1084
970
918
1009
1402
944
1204
1037
914
1176
1507
1283
1255
896
1049
904
1378
917
811
1018
910
924
1048
926
1112
1575
1063
1243
1190
1071
1087
1097
1488
1216
1471
807
1297
964
1004
930
898
1194
857
1065
1020
1225
1620
1226
1215
938
1188
914
1093
923
1152
1573
1686
1115
1035
1426
946
1109
980
1293
1123
952
1293
914
1658
1241
1123
1012
1011
977
1297
954
1462
1012
972
962
1225
888
1178
926
985
1255
918
1162
1055
997
922
1147
915
955
936
1170
1053
997
1015
938
1116
1437
1313
1039
1023
972
879
1043
1107
1118
919
1271
996
1410
1420
1519
2083
2342
3784
1737
1243
1066
1309
1150
1107
1180
1448
1164
980
