1130
843
1024
1351
1045
1283
1140
1034
1111
814
1651
1053
1226
1380
1150
1154
1049
908
1048
942
911
1380
1116
1180
1166
1194
1228
1149
1366
1229
1073
1451
1023
1551
1436
839
1073
1445
1442
1253
1049
880
1102
1174
1166
1549
1099
1262
827
1307
1063
934
1303
1043
886
1208
1126
1283
1118
1115
1203
1483
846
1495
1533
902
1097
1116
1152
1114
763
983
1206
1033
1392
1265
1491
1047
866
1291
971
807
1190
1109
891
1208
1503
1045
1273
1201
1551
781
1285
1162
1122
1120
907
1114
905
1113
1008
1208
1186
1172
1170
1101
1131
1172
905
1071
1319
1234
1182
1118
1261
1479
1384
1255
2027
5471
7938
8798
9465
6291
8545
9543
10663
1313
1162
1182
769
1310
1337
1785
1088
1129
1044
1126
1196
998
991
955
1073
1118
1134
898
1358
1230
1057
1168
1017
1248
1259
1125
906
1099
898
1039
934
1316
811
1115
1071
1087
1116
1320
1228
1047
887
998
1400
873
1045
1069
950
1073
1237
1498
1240
1263
960
1174
1063
1041
1454
1042
1250
1237
1180
1458
1019
1771
1146
905
1043
902
1110
1005
918
989
1087
986
926
921
934
1428
941
1233
1136
1249
928
1059
902
1133
966
1131
983
997
1126
764
1247
926
1127
1154
1125
1109
908
1025
994
1129
1796
1214
813
1122
803
1113
908
1100
918
983
974
1134
1009
956
1062
1045
983
904
1066
903
887
924
1049
898
1077
1245
1085
932
898
1271
1400
996
1438
1146
1138
1029
1146
1279
908
1085
768
1160
883
956
1055
950
1281
1024
1285
1143
938
915
922
991
1299
912
1049
1160
805
1107
857
1344
1190
1107
1035
925
940
1009
901
1003
1007
993
1037
1022
988
981
817
1140
1124
865
1767
1158
1186
1248
1068
936
1178
1109
1259
1309
1117
1049
1415
1087
1157
1104
1255
1767
1009
1164
1182
811
1111
1257
1247
1041
1257
1018
998
898
930
1107
896
1126
982
996
1120
1043
1047
1114
1130
910
1012
1122
1011
1087
1235
938
1067
1196
974
893
1126
1107
1138
1178
811
1723
1051
1212
1488
1125
1146
1152
1043
1275
1384
949
1186
914
1023
1128
1325
1664
1092
1265
1190
1219
1172
1271
2051
1097
1232
954
1240
902
879
1307
1102
1006
1115
1247
930
1118
910
1162
1168
1053
1166
839
1228
1394
1210
1222
1113
1233
1144
1077
1170
1500
1114
1295
1124
1138
1261
1079
1471
1069
1004
922
1208
1452
1081
1065
1247
981
1152
1364
1160
1749
1273
1182
1249
901
1251
1123
1198
1154
1551
1043
1263
916
1174
1055
1106
1152
1255
1162
962
1164
1015
1251
1454
899
1778
1182
903
1942
1075
946
1079
950
928
1243
1217
1190
1113
1156
1164
982
922
908
934
1120
1106
1323
1097
1271
1098
1043
1073
1689
900
1248
926
1158
1254
1119
1098
1170
1128
1412
987
1277
1190
1432
1027
1162
1126
1104
1124
879
1174
1114
1035
1143
954
977
994
1287
1120
1013
1083
1453
997
1223
952
1190
1133
1164
1107
1202
942
871
841
968
973
1118
1125
940
1051
914
1272
982
1243
1101
1020
1102
773
1287
987
1146
848
1176
1025
916
994
1266
934
1162
1108
936
990
966
990
978
1156
1293
914
1106
1075
1037
839
1133
1178
904
1041
1000
1009
1069
1049
1142
1065
1029
980
1248
886
1107
980
1077
934
899
948
1444
1200
914
1106
982
1095
984
1121
1144
934
944
984
1017
1075
1028
922
1043
980
900
1133
1104
938
829
1130
1067
1174
807
1122
1035
912
1042
907
944
1081
1180
952
1174
1178
928
1184
902
1098
1454
1234
1015
1125
920
942
971
1166
1114
1017
1111
1018
1170
927
1088
1037
1108
1061
1013
1031
1134
829
1110
950
1049
1010
1037
1118
918
1017
969
922
999
915
1025
934
916
1089
1110
983
950
920
1158
1007
1184
990
888
984
1111
932
934
906
1150
895
1236
1119
886
1100
1295
1697
1207
1037
1279
1194
1643
972
938
1265
920
1517
1267
1061
1233
1168
963
1226
861
849
1268
1053
1121
1022
1162
916
1521
924
966
1308
936
895
1269
1001
1612
1283
976
1212
932
971
1515
1102
1037
983
914
936
1020
1311
1007
1113
910
1005
1194
1037
1186
916
1047
1240
1281
990
1275
1013
1809
1053
992
1087
918
920
1184
1134
1513
1021
1299
885
1134
1053
1507
1051
948
1275
908
936
942
1049
1026
1220
1120
900
1206
988
1020
1013
1289
1277
1426
952
1243
942
1015
982
910
1279
1172
894
1075
1172
996
1079
1291
1178
1259
1028
1217
1016
1071
1000
1055
1295
977
900
1006
989
1015
1636
1151
876
1378
831
1251
1406
985
902
1393
1905
1341
932
1035
868
929
1071
1168
1618
1216
1029
1002
1152
1653
1089
1016
1035
1420
1113
1019
1041
904
1178
1220
855
1311
1124
936
1511
1049
1222
1226
911
1198
1186
1029
946
1243
1102
1062
1093
936
1238
1505
1178
2126
1059
997
1176
1020
1162
1101
961
861
1253
1269
1035
1160
1190
1222
995
1009
1281
964
1232
980
1207
1281
1146
1261
1273
1067
1503
1259
986
851
1160
897
1170
1178
996
1010
1346
1142
905
948
1037
906
1009
984
961
908
1910
1044
7628
1757
1682
1275
997
1430
1408
1775
1259
1769
1194
1297
1545
1186
1040
1246
1471
1161
1117
1271
1033
1285
898
918
1019
1739
1194
1154
1104
1015
1015
981
1176
1533
1128
907
1124
918
1850
1767
1347
1039
1260
1144
938
1261
901
1011
924
1116
1261
1016
972
1257
895
940
1183
1346
1344
1039
1255
1256
1531
1343
1101
1272
1023
1741
1109
1190
1152
1009
1190
1245
984
946
1265
940
1037
992
954
1009
991
833
986
898
1477
1131
896
968
809
920
896
1146
952
1043
1031
978
1027
1122
930
966
1148
984
1116
1099
1029
928
1091
916
1091
930
1055
1160
897
1053
1283
1059
912
1117
1073
927
1037
900
1519
1166
938
1033
1142
924
1075
1424
916
1259
1033
969
916
1238
898
1035
1291
924
918
912
901
1369
815
1136
1203
1073
922
1162
990
964
1180
1027
1153
1015
1251
919
1041
1176
1043
994
1285
1025
904
936
1246
1240
902
1101
1012
912
1022
1465
912
1230
1106
1225
1111
904
1162
1425
899
1156
1071
1025
1537
1017
1079
1237
1170
1041
1112
1055
1164
883
1223
1125
1146
1124
1027
1235
1380
979
1202
1668
1091
1182
1140
1095
1263
1037
928
897
914
907
1247
910
873
1703
916
1270
1174
914
1231
1134
914
1293
1055
813
1200
1131
1072
1107
1033
1023
1204
908
1275
934
1184
860
781
1180
1003
908
1115
1270
1214
1289
977
1265
977
1025
1348
1178
1166
999
1511
1285
1112
956
1402
915
1506
860
1256
1229
1014
1476
1285
1206
927
1467
825
1254
1004
817
1245
1003
906
932
1313
1106
1168
1184
1259
967
1734
928
877
958
1168
1039
1255
1045
948
1456
910
1263
1114
934
1031
926
1142
1140
900
1152
912
1237
896
1515
1237
930
1040
1287
1232
1174
948
1005
1590
974
1463
1274
855
1161
1110
1003
1081
1079
952
1115
892
1014
1178
1202
1100
982
2895
2025
4982
2128
4888
3468
1878
4038
3424
3682
2326
1291
1001
1336
1222
1117
1200
977
1041
987
1386
989
1202
1012
1668
1368
976
1654
1342
1136
1283
876
1119
936
1010
1267
1023
1182
895
1418
970
920
964
1328
952
1293
928
1186
948
893
1186
1181
1562
1771
836
1501
1304
944
1033
1337
1041
1291
1063
1049
908
902
1150
1267
1265
1109
1023
1624
1315
1245
880
913
1110
1198
1174
1115
1263
1201
1093
1303
1018
1146
1001
1034
902
1213
1346
1279
974
908
1652
1172
1144
1265
982
1019
1354
996
1989
1782
996
1393
898
1249
892
1024
1051
1459
1049
1402
1082
1255
1121
1620
1192
1013
1049
1281
944
1009
1035
859
1019
1027
938
1552
966
982
1174
1197
1198
1138
1124
1283
1112
1230
1045
1428
1203
1481
999
906
1022
1390
995
966
953
1172
956
926
1037
965
1172
1239
1791
1035
986
962
1224
1271
1254
1268
1070
1371
913
1168
1049
1417
1114
1206
1005
1168
817
1232
908
1106
1033
1261
1194
1107
763
1802
864
1144
1158
1234
1235
1452
1198
1265
972
1328
994
1221
1035
1071
1249
940
1299
1055
1182
1075
1047
1380
894
854
1170
874
1138
1055
934
1523
1146
1382
1590
1218
930
942
1123
1227
1061
1549
1118
1271
999
1228
1043
916
1265
942
1295
1299
1092
1057
979
1017
1263
928
975
1249
938
1089
1071
1077
1125
1061
1136
1237
1027
1114
1182
884
1069
1098
1124
1293
920
978
1232
988
1148
1111
1031
1261
865
977
945
1380
881
1105
1057
979
918
938
904
1133
1461
918
1019
1418
996
1255
1211
1017
1015
1155
1202
1026
900
1263
1021
1235
1250
1054
1014
1450
908
934
1122
1126
1130
1289
960
1301
984
932
1093
922
1029
1586
1027
956
1273
912
1013
1045
986
1602
922
1125
1188
950
1053
1206
1011
1112
869
1289
928
914
983
1122
1104
1228
910
896
1283
1236
950
1124
1017
1260
908
997
1150
1223
1124
1002
998
1243
952
1311
1029
1394
1127
961
1118
938
1012
916
912
1254
1261
1039
923
966
1123
1303
1051
909
1257
940
904
1017
1127
1051
1023
974
1235
1406
971
1142
940
1154
1015
1011
811
1289
1146
888
1011
922
1002
1009
1003
1168
906
1089
897
1047
829
1102
1033
1164
1111
983
922
1162
942
1293
843
861
1150
924
1033
997
825
1220
926
1029
1021
1129
1021
926
946
1053
1143
849
1120
1034
992
926
1198
994
1220
962
1059
833
1021
1001
888
1146
897
1089
1465
1142
825
1099
924
1146
898
1307
1230
1097
1109
1018
968
976
1227
936
1043
914
1010
1301
843
1285
1289
877
1037
1543
1137
1511
1168
1033
994
971
1379
930
1864
1000
1296
1652
1225
1291
990
1222
1000
955
1258
1131
1233
916
1513
1154
1130
900
1160
1142
1285
1092
1266
974
1291
1158
1039
990
1158
1017
1467
1164
991
1265
1630
1204
1317
1031
1426
946
858
1376
880
1081
1269
946
1174
920
1517
1229
946
1237
1331
1041
1257
1218
890
1370
1257
1150
1184
1267
968
1263
1235
1053
1463
1241
1349
1041
1180
1039
1531
1156
1299
972
1307
973
946
1198
1259
1035
1178
888
1255
1081
1087
974
1247
1012
1486
1126
940
1287
1162
1242
1247
940
1051
835
1003
1107
1124
1307
940
1245
1197
997
1186
995
1085
916
936
1160
892
1146
1184
1102
1049
1190
901
1099
1174
1136
1146
905
1194
1117
1245
1058
1311
1655
1059
1336
892
1245
843
781
1255
863
1965
1259
1242
1000
1265
1208
1097
1148
1053
1250
1107
1339
1120
1079
1275
907
904
1111
1051
1346
914
1144
1317
999
967
1275
984
1458
1046
1289
1164
1231
1309
1021
1388
1025
1109
908
1184
1243
1428
1011
1003
1049
1085
1251
934
1189
1170
849
1544
990
1148
1285
974
1113
866
1020
1170
1089
1248
1203
1332
1051
1515
1015
1006
1277
1235
1037
959
1476
913
1114
899
1260
902
1081
1123
1184
1252
856
1331
1101
1168
1228
1692
778
1180
953
1079
1110
1180
1118
1115
891
1384
1598
918
1091
1120
854
1254
1156
868
900
1156
1105
1103
1168
1259
1039
805
1178
958
932
1158
1249
1196
1148
974
910
1168
1419
1642
1099
1259
1106
993
1156
1005
1120
1043
960
1301
1039
1422
1218
896
1157
1229
1648
932
901
1212
1067
1142
1107
1249
934
1111
1275
1227
1180
916
1121
1164
1053
946
1074
1213
1295
1238
1009
876
1239
992
1170
904
1376
936
1466
1152
1065
1609
980
795
1154
1036
1053
1186
920
999
1186
1422
984
1055
1035
910
1551
1053
1041
1160
1132
1029
1182
1099
1123
1140
882
1154
1008
1093
1196
1144
1196
1114
1293
1024
1225
1073
1049
1232
1049
1155
1131
988
1178
915
1206
1164
940
1134
1325
1154
1291
1131
1439
1252
914
1241
1222
1035
1132
6076
910
1200
1164
988
1289
952
1237
1216
1178
1172
1001
1202
1163
1311
1178
926
1307
1239
1042
1521
1632
1074
1287
1207
1198
1136
1297
1037
1273
1433
1136
1198
1101
1267
1083
1043
1146
1037
1053
1249
1194
1070
1117
895
1055
1014
1031
1154
1437
1061
1481
946
968
1002
1131
896
1375
963
815
1178
913
1073
1156
1012
942
1293
1025
1113
1150
823
1145
1031
1162
942
1021
1549
1170
902
1121
881
1227
1644
919
823
1206
1414
1068
1269
1196
1109
1014
1154
1166
973
1356
954
1190
1654
1139
894
1244
928
950
1043
920
922
974
902
1122
970
1160
952
1461
1109
1194
825
936
950
1270
1078
843
1057
809
1335
892
918
901
1057
904
1166
898
1113
938
998
1264
1021
1118
940
948
1108
903
890
912
1057
956
1007
960
901
890
1267
843
1182
1023
1138
1119
1037
1014
817
1251
1150
1116
1107
1480
1140
1103
1529
1020
932
1154
1153
1123
1440
807
1304
1190
999
1039
897
1071
1164
1107
1049
1019
956
1158
1176
1170
1095
807
1204
1081
950
1122
1202
912
1259
1001
903
1259
1057
1035
1186
1145
1113
1428
898
1300
911
920
1107
1116
819
1272
1188
1156
1146
815
1229
1102
1023
936
1200
1115
1063
1198
1424
992
1174
1039
1523
1104
1170
1117
894
1408
950
1261
1152
990
1230
1025
811
1158
1168
903
1178
1154
890
1253
1182
902
1241
1138
1134
1152
1247
1049
1446
1210
1055
946
1107
934
1160
1021
1182
1116
1087
1146
1180
1164
1212
922
904
906
1133
1392
807
1270
1047
892
1080
823
1442
1842
1011
2213
3508
3797
1044
888
1777
1352
1259
1184
1172
938
1210
944
934
1144
1126
840
914
1041
1008
985
990
1719
1030
904
1124
1014
1083
1112
1126
1087
813
1099
1255
1358
1263
1184
1281
998
1158
1009
1027
1178
1202
891
1015
942
1168
889
1166
1160
886
932
1479
1049
958
1158
916
1076
932
1140
1121
1035
1061
977
1202
1571
902
1244
1137
915
1910
1245
1255
809
1231
1116
1269
1176
922
1247
897
897
1449
1092
1181
1015
1418
1264
1000
1130
1242
1458
902
1038
1164
1041
1357
807
1229
924
1144
1200
1162
1065
1136
1499
1250
1140
1242
926
1118
988
1043
1252
906
1074
1011
1156
1188
1149
1138
1013
1172
1381
938
1045
1291
1144
1241
1451
1231
1384
1490
1090
974
1490
1441
938
1114
1027
1295
1095
813
1755
1396
984
1608
1011
1143
1259
1087
1168
916
1172
989
1272
1101
906
1267
918
920
1246
828
1118
1100
1265
1140
1115
1186
1024
978
988
1115
1311
1164
1207
1184
1137
1281
1170
1178
1178
1366
1212
1269
1194
1136
1180
1220
1102
1386
1097
1469
1196
1255
1287
1031
1539
1205
1148
956
1158
1003
1206
1021
1053
1033
986
1394
909
1198
992
983
1127
1152
1010
1101
1671
1574
1710
1283
1160
1341
1398
948
1162
1013
1233
1287
918
938
1100
1019
1646
1172
990
1319
960
1021
1017
902
1015
814
1071
1244
1291
1233
1135
1157
1251
922
914
856
856
1245
1303
1085
1719
948
1049
849
1122
1047
829
821
982
986
1236
1074
1019
902
1105
900
1059
1032
1813
1157
944
1176
991
1656
1114
1146
1786
1107
1251
1136
924
1063
1040
1172
1273
1184
1126
942
1154
1027
1023
1127
1654
988
1109
835
1779
989
805
1535
1186
906
1390
1114
1133
1104
761
990
1136
900
1156
926
1144
1247
847
1258
1261
1012
1809
1424
909
1828
1255
1164
1100
1001
1114
1219
932
1192
903
942
1162
1299
1162
1236
1093
944
1263
1372
1130
1055
1604
889
1263
1093
1081
1031
938
1501
1234
1156
1170
1267
1008
1269
862
1765
938
771
1272
829
956
1067
926
1206
1283
1262
930
1207
963
1227
1139
1247
1536
1257
1148
1146
1313
942
1911
1223
906
1095
1091
783
1139
1206
775
1315
1310
920
1112
1137
1243
1138
901
1166
1447
1779
1142
1002
1013
1206
1168
1098
970
908
890
1055
1120
1263
999
1158
1075
1211
1138
1041
1200
901
1804
1069
1819
1476
763
1358
1157
807
1049
921
963
1148
1045
1168
1130
967
1086
1164
1166
1249
1118
1542
1041
901
1368
936
1131
1111
1180
1079
1045
1862
946
1142
1477
1271
954
1095
1152
1549
1255
1478
1212
1137
1229
976
1541
1253
1013
1081
1176
858
1246
1109
1896
1218
995
872
1134
1232
898
1197
1329
1186
1582
1045
1447
1005
1254
1438
967
1014
1459
1105
1361
1809
1003
1347
1533
1137
959
1003
1391
977
1160
1554
1134
1144
1005
1301
1269
1029
1173
1241
1214
1216
1315
1014
1104
893
1347
1027
1061
1195
1127
1138
1263
1148
1190
1099
1019
1723
900
1012
1164
1025
1591
805
1205
894
991
912
1166
1279
1021
988
1057
920
1297
906
1084
914
950
929
920
1142
1267
1016
1023
952
1176
1162
1228
1222
982
2422
1412
1683
1377
953
1664
932
986
1120
1241
1229
1136
1275
922
938
1552
835
986
1404
1311
959
1242
1812
877
1088
1769
1115
1316
1763
958
1517
1164
1797
1791
1156
1735
1080
1758
1757
942
1334
1214
1172
1271
1289
940
962
1166
1108
1000
1532
955
1160
1473
1368
1225
1644
1077
1146
825
992
882
1495
1201
1116
1166
1264
1322
1106
1241
1188
1041
1296
1240
1022
1340
1756
1379
1147
938
1477
1305
807
960
1192
1121
940
1324
1197
1262
1094
908
978
1147
1174
1029
963
926
1077
817
1008
1113
1384
1624
926
780
988
1166
809
1203
995
801
1108
1273
1382
1161
1269
1160
1198
1162
1235
1100
1174
1160
856
1562
1749
1090
1176
948
1225
886
1107
1115
898
1191
1133
1075
1195
1573
1327
1432
1082
989
1190
1323
1116
1649
1138
1755
1790
948
950
955
1268
997
1101
940
980
1291
1261
952
1079
1034
1019
1406
1285
992
932
952
1099
1025
1749
1112
1180
966
1356
1248
1130
1201
862
1247
1866
940
1505
831
1319
1295
1616
1176
1005
1658
888
1189
1479
928
1253
1311
1158
1375
963
1428
1166
989
1310
1184
1111
1779
1214
911
1093
1527
1264
1210
1035
1170
1420
1007
1061
926
1043
1892
1228
1378
1032
1122
1275
926
1523
1055
912
1460
1819
1376
1322
1079
1447
1454
898
1251
835
1150
934
1495
1166
925
1270
1344
1011
1136
1045
1111
1315
1154
890
1464
1172
1301
1410
1297
1434
944
1480
1143
1055
1477
1803
1033
936
1843
1218
852
1130
1057
1297
995
926
1297
1249
1872
1517
2312
1944
6568
3629
2982
2624
3381
1951
1190
1209
1697
955
1043
1222
1306
1622
1216
966
1121
1041
936
1042
1230
1339
1013
1273
2173
1654
2318
3512
3488
1558
1884
1632
2352
7113
3197
2482
3310
7474
5047
1852
1610
1366
1394
1190
1145
1676
1309
1231
1212
1446
1297
1892
1777
1680
1507
1602
1329
1361
1317
845
1265
1498
1200
932
1441
1259
1323
1033
1130
1369
892
1386
868
1400
1254
1039
1366
1279
1398
1388
1007
2011
2879
1765
1422
1196
972
1211
968
920
1028
996
1178
984
1392
1029
1457
1981
2633
1416
1025
1188
1160
2507
1674
1600
1398
1860
2049
2190
2923
6808
24929
4347
4159
6752
2045
1604
1386
1499
1406
1134
1597
2068
1846
1358
1247
1702
2003
1323
1553
1870
2191
1195
1934
1128
1898
1972
12370
8047
4077
2461
8658
10629
10000
9421
4535
15944
7343
9316
2368
2135
5779
12354
3684
4401
3173
2505
1491
1293
1303
2388
1718
3223
9441
18944
7492
8801
3201
2148
2487
2089
3252
3015
2094
1771
2124
1774
2457
1108
1231
3744
1243
1366
1281
1596
7194
11904
4148
21078
9475
8118
11819
13351
12672
5638
3982
3240
7468
4236
7147
5322
18764
1243
1039
1322
954
1394
1105
1774
1578
20246
33010
4547
4148
12222
7764
7827
5116
5492
4528
2548
2778
3216
1591
1761
1386
1281
1482
1484
1652
1539
1648
1832
1449
1573
1279
4389
9345
2719
4261
56382
9205
11484
7141
11072
27031
3534
5109
2439
2072
1118
1793
1142
1808
1443
1299
1144
1075
1517
1122
1198
23911
8731
11074
3529
8019
8335
10471
10050
3294
5897
4050
20170
5828
2673
1868
2267
1010
1311
1579
1320
1309
1144
1105
1426
1277
886
1630
4771
9697
3133
4904
18895
8997
10060
3427
8696
4551
7801
24179
2818
1640
2084
1715
1418
1965
1339
1465
1350
1368
1206
1295
1570
5384
9193
9054
5116
6951
10786
9840
9994
4347
6262
6500
6123
7544
2919
3598
2098
2401
2157
1898
1890
1535
2364
1138
2788
53183
8136
4434
4299
7956
7854
3806
2828
8424
10246
12706
8927
3891
3898
4127
1650
1462
10940
2852
1624
1791
1281
1905
2639
11480
8973
3325
9318
6543
7817
3218
33174
30182
6401
9485
12327
3712
3121
3274
4266
1905
9535
1525
2828
2110
3551
14060
9007
10709
19599
11312
9630
3038
2407
1872
21984
4249
11837
5697
4516
8103
1968
1283
2146
1345
1112
1326
1416
1737
1053
3585
15870
9444
4345
27136
6879
5271
2820
8041
3623
9683
29091
3712
2545
1676
1517
1471
1779
1763
1021
1535
1150
1307
1511
3810
13832
13233
4378
5833
6931
10594
3542
6332
36710
7083
10070
2827
2164
1884
1713
1255
1183
1202
1668
1830
1051
1484
2144
2691
1778
4995
6829
10831
8211
8729
8612
30555
10450
4051
29672
10789
3183
1706
1586
1285
1428
926
1797
1749
1356
1631
1699
4244
2414
2253
2929
8141
7583
9754
8244
4862
36647
21690
9903
6026
2640
1741
8695
1360
1942
2207
1630
1509
2229
3024
2162
2747
3405
9759
6602
5086
7117
9082
12358
3201
8047
5076
28582
34333
3675
3145
1757
1771
1025
1216
1127
1834
2138
1414
1664
1523
4563
2479
2191
5459
8360
3086
9039
6588
13149
9776
9586
7327
4706
4206
2596
1693
1039
1289
1135
1049
1774
1551
2021
1896
1377
3000
2511
7406
3815
9840
10972
12271
4275
2445
10102
9905
4335
6331
7305
1729
1461
1947
1352
1349
1934
1557
1872
1576
1511
1617
1858
3332
4729
7242
12583
3153
11637
11995
6625
5781
4755
11872
7397
2770
1890
1180
1275
1283
2311
6645
1859
1755
1091
1351
1051
2181
2538
2901
2703
7496
2929
12066
11248
2530
3790
10268
3740
7173
30426
1956
1202
1545
2207
3109
2357
1174
1075
1228
1446
1065
1928
1965
18308
2879
8957
5454
8656
7413
10423
5688
2453
5318
4281
2001
1212
1313
1517
3472
1949
3417
1295
1354
1687
1826
1892
2118
2711
4305
5466
8866
6498
11922
8835
3577
2188
5374
6336
6396
5220
8166
2614
1772
2342
2130
1306
1233
1285
1148
1257
1244
1471
1892
7262
8801
9055
3429
7230
10133
3865
2891
7466
17494
6034
7869
3972
3322
1909
2194
1090
2158
1604
1182
1737
1202
1138
1255
2548
2308
6715
4958
5995
7191
34707
2925
1333
1258
1277
1565
1190
11254
3978
2108
1199
1020
1428
1094
1941
1295
1535
1263
1333
1634
5261
2073
12251
7204
5602
1808
1636
1149
1485
1291
1037
1511
1231
1749
2056
2048
1783
1117
926
1490
1549
1378
1898
2368
1283
1053
1646
2366
2156
1402
1904
2225
2068
1644
7215
2628
2667
2065
5646
8232
6064
5757
4137
1803
1079
1393
1333
1504
1142
1120
1422
2312
1182
2851
1907
13340
5937
4040
2516
4040
11456
7032
4678
2964
11754
2815
31013
2707
4967
2494
3441
5854
10352
1846
1537
2177
2108
1786
1791
1212
2566
7207
11775
4924
3917
7926
6323
12263
3110
2302
6336
3462
4075
8976
1827
1109
2227
1352
1328
3433
1440
2172
1174
1067
1757
2352
12063
12626
23690
3282
5037
49474
9600
7847
3080
3877
5743
5322
7667
2619
1664
1489
1202
2464
1843
2009
1394
1737
1269
1255
1289
3955
11170
9398
5354
3335
8569
8622
7383
3597
3175
7220
6645
30452
3355
6348
1771
1888
2160
1662
1204
1261
1220
1440
1291
1049
2907
34476
8964
3477
3766
25574
8336
6715
3847
2774
4945
4551
3990
4272
7994
9800
1951
1582
1628
2001
1367
2062
1205
1102
1245
1461
7970
9257
5771
17722
3331
8529
9455
5170
2580
6721
5805
6639
2007
4974
2786
1846
2828
1788
1257
2128
1753
1117
1020
1338
1547
1271
7500
7129
4531
4264
5059
6221
6217
5598
2965
5210
7468
2800
2509
3561
2627
1808
1765
1093
1731
1517
1352
1221
1352
1479
1689
1874
10663
9449
4492
3083
8152
9492
4535
2324
2507
27086
4286
3859
5856
3295
3050
1267
1634
1358
1332
1055
1406
1140
1039
1452
2316
11501
9194
4111
3163
5481
5535
7108
2693
2378
2041
7889
7895
5358
10397
2427
2325
1459
1592
1431
1785
1275
948
1166
1384
2465
9961
11260
4950
3923
11911
8267
52195
2858
2793
8272
8850
17104
7911
4135
1503
1422
1331
1301
1770
1366
1174
1151
2315
2057
1928
8676
9166
16071
3199
10028
5273
7936
5880
3341
6394
5088
5466
8188
2417
1507
1620
1021
1193
1455
2017
1662
1604
1568
1640
1384
2558
7671
9451
5862
5909
6400
6602
10269
3717
2761
2586
7562
5331
5491
12757
2646
1228
1346
1172
1414
1315
1400
1382
1264
1684
2233
7046
8674
4997
1943
5155
2181
4061
2654
2215
2457
1618
1098
1527
1388
966
1301
1326
1414
1371
1069
4647
1026
2009
1222
1323
2031
1694
1895
1062
1422
1729
1295
1532
1552
2029
1353
1511
1007
1047
1295
1271
1390
1806
1154
1039
1402
1302
1888
1872
1055
1095
1283
1000
1051
1267
1388
1111
1164
1029
1469
1455
1866
2324
1672
1826
1480
2727
3085
3584
5477
1432
1492
1390
967
1626
1650
1911
1430
1281
1059
1246
1640
919
1231
1466
1351
1807
928
1301
1362
1531
1515
1172
890
1228
948
984
1021
978
1050
1029
1225
1042
1363
1259
1636
2071
1116
980
1078
1198
919
1186
999
813
1523
811
1190
1188
1898
1131
977
1432
1537
918
1346
982
1222
986
922
1182
1275
993
1229
1452
1184
926
1043
1039
958
1107
896
1049
1411
941
1429
1291
993
1543
1020
1160
1002
1047
1021
1555
1227
934
1005
1835
920
1558
1342
1575
1426
971
1860
1529
1028
1315
915
1370
1194
1356
1134
1158
1029
1358
1188
2037
1235
1249
1025
1037
1354
1335
1065
956
1001
953
982
948
1654
902
1233
1196
1194
1188
1638
1036
922
1329
950
1428
1347
1160
1047
1348
938
1959
1558
1543
1648
1218
1152
1267
1578
1224
958
918
926
1178
1212
1250
1955
2068
1408
1368
960
1279
950
1235
1196
1184
1051
1005
1160
974
1045
1816
1473
1321
1314
1475
1230
1251
1051
1305
914
1140
964
958
1227
960
956
2312
1577
1511
1247
978
1267
1198
940
918
930
797
1176
1210
1091
1132
2344
1505
1176
1507
1018
996
1107
2142
998
1209
1051
1206
1192
1038
1297
2620
1654
1437
1943
981
1148
999
1719
944
1093
1108
1219
1929
1192
1168
1386
1384
1017
956
1422
952
1129
1055
1029
959
1585
912
940
989
1276
1421
2707
1084
1174
934
1208
1031
1112
1180
986
1321
1154
859
1144
1198
1977
1918
1511
968
1029
1892
1025
1220
1041
1287
958
1099
1059
1140
831
1273
1931
1238
877
1727
1028
1192
1227
980
1447
1142
888
947
1120
1186
1055
1778
1275
1485
1108
1182
942
1117
1937
829
1830
1474
963
987
1463
1947
2223
1275
997
991
944
1051
1369
985
1400
1572
1235
1095
1093
1654
1549
1376
1116
1416
1763
1067
841
1309
924
1176
1057
1210
1077
1180
902
1249
1376
1277
896
1059
1307
936
1112
940
1368
1335
1065
1067
1217
946
1878
1671
1434
1472
1356
1315
1042
1392
901
1059
1304
1313
857
1104
770
1222
1416
1045
1932
1829
1525
1235
1233
948
1384
1930
1066
958
1233
1740
1055
2027
1145
1745
1437
1174
1099
1112
960
1499
952
985
1037
922
1170
1170
1154
1450
1224
1828
1253
1673
2017
1787
1769
1138
871
1672
1148
956
1293
1481
1665
1057
1073
1158
1394
936
1210
1610
962
1190
1053
963
1199
1365
1077
1073
1155
946
1089
1786
1902
938
1086
976
1614
1544
1835
1039
1107
1171
1457
1311
1153
1075
825
1117
1099
813
1154
1432
919
1190
997
934
1010
980
1334
1824
1321
988
1642
1075
1759
1428
882
2054
994
1453
954
1108
806
1230
956
1293
1059
930
1159
1035
942
1043
962
1015
1121
1008
1071
1944
1158
1051
985
996
1123
1045
1002
1257
953
1146
2100
1128
1025
1158
1685
839
853
1420
926
950
1114
986
773
1844
1206
923
1271
1344
974
1226
947
1319
1317
1753
918
948
906
1132
946
1808
1045
1794
1158
1118
1174
952
1174
1917
1309
1105
1214
1445
902
1314
1027
1015
918
911
1063
1019
1179
1018
1059
1273
910
1182
1156
940
1134
956
1261
1323
940
1059
1490
922
912
1166
1041
1269
1307
1886
1059
916
938
1180
938
1057
1322
997
1061
1025
835
1030
931
944
940
1079
1043
1164
871
1513
1555
926
1493
823
1225
1361
1176
958
1325
1180
1106
1128
1484
1829
1490
1779
1150
1285
1648
3145
1817
1616
3234
12246
11849
6534
3249
2836
1638
37042
1396
2296
2203
1939
1884
3526
2895
3595
1898
2681
1927
2438
1798
2449
3837
2727
3248
1597
1400
1688
11373
6449
74771
4797
4789
10744
11389
20376
3401
8954
8307
31126
9212
3579
2566
4190
22480
5085
3522
2198
8853
8001
10428
4547
3587
7426
8775
7377
4446
3333
3339
4004
3113
5158
4735
4746
48249
33186
4539
3296
2388
9475
9750
7492
5909
30047
10802
13272
11690
7801
4016
2756
2011
3011
1739
2550
2106
2114
1519
2030
1619
2154
1184
1618
1497
2326
2382
52868
8717
6536
10808
16675
3415
26884
5162
2473
21232
1329
1598
1952
1603
1908
1749
1704
2427
3113
1453
1889
2288
1617
2532
2354
6187
5230
15553
4626
3292
3752
2822
1910
3556
1929
2834
4084
11589
5955
5120
12823
3482
2088
2336
2007
4736
2358
2133
3446
5848
11545
10801
3453
7788
5394
3750
2582
2062
3881
35205
5519
2644
2511
8255
6839
13112
9172
2255
1369
2215
2584
2650
4541
14139
9910
10856
4885
3361
1868
1334
1928
2687
2600
1662
2078
2031
2479
1658
1464
13191
1547
1713
2116
2237
2353
2508
2079
4803
10159
3468
2404
1164
1356
2697
1388
1737
2223
3373
1213
2186
1700
1866
1422
1870
1594
1509
1469
8860
2510
1504
2611
2759
3645
3966
5509
11367
11567
5136
3683
7347
1408
2330
1222
1515
2057
1497
1257
936
1492
1099
1957
1236
1245
2161
5487
9332
7364
2374
5825
4189
6070
2186
1579
2069
1614
3064
1843
2554
1702
1374
1654
1376
1107
1198
1668
1472
1134
1084
2199
1196
1905
1246
1295
1324
1174
1214
1326
1271
1527
1017
1299
1166
1642
1415
1473
1164
1021
1135
1313
1268
1039
1325
1080
1419
1103
1148
1472
1453
1043
1188
1277
1418
1281
1174
1143
1293
813
1709
1281
1081
1891
1539
1275
841
1344
1089
1036
1184
1345
1043
1015
1779
971
1239
1146
1274
1505
1142
910
1648
990
1535
1122
902
1457
1298
1059
1033
1226
821
996
956
1051
815
962
1168
1909
1718
839
1437
844
1315
874
1313
1285
1204
913
1923
1057
930
1271
1021
1063
1174
1029
1073
1119
1180
1055
1622
1708
1225
805
1226
980
842
1065
1297
1205
821
1230
1297
1063
1290
1370
1387
920
1648
1214
1108
1182
1184
1095
1212
1192
1491
1142
1227
1160
1188
952
1400
956
1067
1194
1315
1217
1210
936
1528
1318
926
1186
1230
1168
1170
1168
1144
1114
1147
1158
2081
990
1229
1119
819
1057
1321
1228
1319
1049
1432
1257
858
1182
990
924
1584
1275
971
1204
1154
1263
831
1186
1939
1267
956
1089
1023
1007
1019
1132
958
1188
1142
1043
1967
916
1065
1011
987
1067
817
1609
988
1206
1021
979
815
926
1021
1111
1190
1130
1140
1035
1132
825
1065
1033
986
1174
1126
1045
1116
1027
1618
1049
1186
1188
1021
1148
1207
995
1212
1020
1901
932
1142
1180
904
1816
1029
1933
1358
914
1523
1067
1158
1101
916
817
1205
1047
1031
1741
2352
1666
2535
2260
16402
4289
3877
2094
1003
1850
1277
1775
1182
861
1043
966
1517
934
1586
1733
1122
988
1675
1398
1461
827
1071
1206
1096
1289
928
1022
1535
2104
2342
4946
1412
3982
2967
2381
1330
1719
1162
1128
1027
1498
1719
1132
1767
1654
1834
1016
1045
1125
1125
1061
1012
1049
1305
831
942
1170
1047
1301
4268
1747
3439
1743
1523
1364
1850
1315
1388
1247
1406
1291
1204
940
1037
899
829
1392
1293
871
1190
1735
1017
1172
1299
1376
1059
1030
916
1466
1085
995
1689
1832
1363
1351
1049
949
1144
944
1178
998
924
964
916
920
1414
1281
1299
1229
934
1477
1332
1255
1378
872
1233
1222
991
1291
1912
964
1091
977
944
1032
1245
1406
1174
958
1077
1693
1059
1015
1384
974
1126
1022
918
1579
1110
1035
1287
967
1188
1250
1174
1022
1002
946
1941
857
1406
1303
1168
1796
1799
1638
1382
1496
916
1568
966
1261
922
843
1184
1344
1139
1248
1317
1247
1303
1186
1472
1009
1043
1150
1073
1172
1306
1150
962
994
862
1463
1764
857
1139
1500
837
1365
1031
1087
1402
2011
1546
1043
1178
1047
1327
1024
1166
1132
1491
1105
1140
1025
1253
1271
1206
1154
1144
1049
1140
817
1049
1548
1017
1638
1540
1118
1251
1279
922
1099
1174
1539
815
1269
1543
1083
1198
1287
1002
1154
1049
1095
1543
909
1139
1781
1045
1362
1065
1065
915
1041
1140
952
1168
1121
837
1053
898
1144
894
1098
1322
1335
978
910
1162
988
811
1182
1121
821
1070
813
1156
1136
986
1091
1456
947
1116
831
1293
1048
976
1392
936
1344
1221
952
911
1127
916
1095
1200
1460
1047
916
1129
813
1086
950
1166
827
1262
932
1189
1207
946
1445
950
819
1521
1208
1026
1174
1104
1053
1043
1239
920
980
1186
1279
1352
1186
1227
947
1509
908
899
1199
938
1336
1003
1061
1144
1041
1011
999
1037
827
886
1323
1213
1011
908
1092
934
819
1868
1219
1250
1004
1055
1075
1644
1029
1311
1297
1229
1061
1081
1256
1464
898
1168
1180
911
1135
1049
1426
1055
900
1248
1202
1100
1120
980
1234
1123
1334
906
1027
973
1072
1022
954
1132
1150
1039
1130
928
1024
973
913
1479
1640
779
1180
1031
1053
1021
999
815
1356
1037
1029
831
1886
1501
1531
1023
1164
1495
1219
827
1281
932
902
1047
904
1067
920
1129
1057
1166
1059
1309
1287
952
1418
982
1057
1186
1070
950
922
1221
825
1081
1026
944
912
988
1426
934
1078
1043
1187
1307
1031
1293
918
1166
1021
796
1232
1132
1207
1285
1051
1340
956
821
1315
1279
1057
1003
925
1066
1226
1026
1204
1564
1027
1143
1217
946
1154
1497
1170
1333
940
932
1477
1479
1063
1243
936
1346
1255
1250
910
1059
1545
1049
847
1231
874
1150
1468
989
1279
1725
954
1279
963
1198
996
1442
1854
1918
1053
992
928
930
1045
1283
1263
1119
1716
2788
1634
4430
1701
4689
1644
1069
1326
1152
962
1860
966
1265
1047
1485
1309
1245
1381
1035
1190
1493
1352
932
1003
1016
968
1380
1090
1345
1454
1517
1069
1234
1491
1096
1989
878
1705
999
1872
1287
1067
1061
1839
1436
1517
1110
1571
1731
1828
1035
1083
1533
1049
1224
1031
1452
944
1325
1430
1818
1870
1170
1864
1451
1519
1295
984
1233
1591
1303
1372
1069
1063
1458
1450
980
856
1315
1463
1032
1801
1130
1207
956
1785
976
1216
1041
1331
1880
1313
1614
1102
1585
1090
1247
984
932
1180
978
1311
1037
1075
1712
2802
1147
1008
1011
1235
962
1846
1172
1623
944
956
932
1174
925
1430
1474
1525
1307
1142
1090
1027
1064
1170
950
1561
896
1034
1428
1059
1295
1426
1495
964
985
926
1329
1015
1031
1004
1186
1021
995
1176
920
992
1423
1493
1012
1287
1024
1368
1493
1307
910
1059
1896
1212
1160
942
1061
1469
1566
1487
1152
1241
1472
940
1053
916
996
1243
1229
1981
1014
1287
1264
1262
999
1795
1400
1523
1225
1416
1099
1289
1184
1015
1426
1790
914
1517
17992
1983
855
1507
1208
1156
1053
1402
995
952
1442
1186
1747
1291
1539
1488
1804
1437
1216
1178
823
1441
1842
1350
910
893
1786
985
1400
1194
2437
1283
1041
1043
1652
1013
974
1065
1892
1850
960
1473
989
1931
918
908
1330
994
1392
1148
1078
1553
1003
1271
1047
1067
1999
1795
1087
1333
1156
964
904
991
1204
1129
1759
1180
972
1081
919
1170
918
1141
1162
896
1124
956
1277
994
1152
1436
1368
1029
1081
1000
1259
1071
922
904
1083
1168
1071
1723
1145
985
1297
976
1021
1325
928
1979
1261
1134
1132
1112
1062
954
902
964
907
1148
1140
958
930
973
1127
1047
922
923
942
921
1152
1010
892
1170
948
984
930
1003
871
2104
908
1317
980
924
1157
921
1158
1287
1476
980
879
932
1136
2068
1350
1014
1146
926
1345
815
1037
1158
977
1236
1303
916
1337
1458
977
1158
900
1152
1777
999
1028
906
1650
1134
910
1918
1313
948
1416
934
1842
939
1788
1178
944
1541
1325
1211
1009
946
914
1269
1178
990
1025
910
1285
1445
1049
910
1045
1029
1494
1006
1799
2058
910
967
918
1188
950
1660
1156
1239
1126
1194
1898
873
1503
1664
813
1151
956
767
1065
957
1164
899
1777
1887
1342
974
995
1001
1558
1077
922
1556
930
1033
1927
871
1321
1154
1360
1006
1190
1619
1634
1207
976
1014
1216
1188
1041
1291
1023
995
1029
1362
946
1410
1128
1348
1309
1311
1158
1063
1840
1390
994
1211
968
771
1041
1051
1035
1246
1031
914
1321
1011
1668
1358
973
1014
961
940
1023
987
1121
1878
924
1468
911
987
1077
1180
1029
1685
933
1462
868
1842
1085
1362
932
938
1957
1080
1204
1361
1105
1198
1081
1197
960
1043
1321
923
967
1138
1128
1029
1035
1108
1053
1517
994
1295
1017
926
1490
1218
899
1241
1081
1008
1089
985
924
934
1244
1331
1003
968
974
1011
1670
924
1281
1412
1989
1457
966
860
986
1815
1408
1313
886
1458
1335
1454
1184
1017
1888
954
1216
1127
950
1059
1533
1570
1121
1469
1022
944
1263
1356
1747
926
1137
1007
942
1154
979
1118
1176
1015
902
1378
1122
975
1206
1079
1123
1154
922
1057
936
956
1479
1830
1381
938
976
1019
1099
1358
1015
916
1467
1281
898
1521
1184
920
1252
1133
1366
1057
842
821
1138
948
1319
1227
952
1140
992
1832
959
1025
932
1216
908
1059
960
1174
1007
1156
1025
921
894
964
918
909
1263
1430
1338
1170
1357
1313
1458
893
1180
1059
1015
1037
813
1773
1191
889
1212
1571
1059
1081
1150
1012
1029
1459
1142
964
988
1424
1252
968
1698
926
1097
907
915
913
934
865
1128
910
829
1166
1310
1755
1196
1791
1231
1432
1364
1011
1008
1158
873
1305
1553
1106
1342
1017
906
1061
1295
1501
1188
1226
1340
920
1143
1108
1219
1097
1131
1347
972
1005
911
1025
1268
1387
1174
1178
1309
1781
1468
1124
1717
932
1293
1144
1311
922
1124
1156
1003
924
1354
894
1515
1285
1307
1013
1259
1029
1337
789
1799
1227
1470
1015
1134
1275
1494
1140
1357
1019
1880
1283
1614
896
1124
985
1011
1325
924
936
1814
928
1065
1194
1176
1755
1395
841
1394
1126
1003
960
1049
936
1021
1161
1011
946
918
1194
968
1303
1035
1388
999
1287
924
1160
2025
1203
1002
1941
876
1170
1320
900
1174
938
926
1132
1004
908
1006
1464
1236
1101
1271
956
1045
1630
1380
801
1029
930
1359
1055
1813
1353
956
1551
1192
1178
1066
1170
1609
908
1168
1711
912
1517
14978
1518
2114
1672
1340
1253
1618
1166
940
970
874
1262
1978
1209
1565
1144
1194
1130
940
1136
1137
971
1721
944
1565
1021
1636
1293
1602
1253
1098
1160
1660
1704
958
944
1555
1174
1029
1089
1353
1198
1152
1285
1149
1257
2056
1017
1462
991
1465
1442
1650
996
947
944
1220
1033
1725
1325
1135
1492
968
1200
1013
874
825
1120
989
1088
965
1809
1835
1239
993
1035
865
859
886
847
1093
1141
918
811
942
920
1098
1222
1917
1007
1053
1499
1156
1451
922
1172
1392
1408
1126
1018
1053
900
1121
1868
1088
1043
924
1144
1587
1265
1316
1445
1325
1283
1426
948
1003
1543
924
1933
1124
1453
1178
1482
964
900
1446
1459
1176
977
1410
1063
987
1186
932
1047
1176
1779
896
867
1054
916
1717
1164
916
1517
1010
1315
992
920
981
904
1321
1680
1390
1263
1323
1033
1930
905
1112
1453
1382
940
995
1133
1137
970
930
1319
1005
922
1509
1357
1272
926
896
1131
950
1245
1023
1323
1263
902
982
1341
1297
1265
1347
930
1309
962
1178
1200
960
1190
1578
3117
1751
2104
2386
2401
1150
1242
1749
1541
1645
2063
2037
1580
1800
2080
3575
8420
5473
2947
2340
7387
1449
843
1488
964
1708
1154
1101
1341
1763
2213
3721
7988
4224
3744
2687
3407
2324
3702
2469
1307
988
958
1388
833
1170
892
843
1374
930
1144
1170
944
1202
912
1059
898
1198
1444
1482
1799
1003
928
1245
892
1051
853
1117
1374
1410
1919
1215
1178
926
1085
1023
1005
1188
1773
1797
1535
827
1454
877
1129
1843
1218
1234
1862
1495
1275
988
1131
1686
1120
807
1802
985
902
948
1132
896
1166
996
1357
858
835
1539
1281
1205
1186
1138
1619
1295
982
1188
1225
924
984
1243
1794
1196
1257
1213
930
1112
952
1138
1013
1501
1043
1319
976
1769
865
1778
1622
977
1624
1402
1001
1051
781
1505
998
1489
1263
921
1246
915
1156
1230
1731
985
1156
906
1220
1474
873
1235
1004
1081
1120
1301
1152
1372
1327
954
1106
1120
1640
1170
1027
1027
1147
1312
1138
1110
1093
1307
1477
1373
978
1021
1132
1039
1553
952
1380
968
1128
1061
934
928
988
1301
1037
892
1455
1039
1006
1001
1567
1326
1093
1652
880
1515
1001
1628
1248
1382
1840
953
1648
1146
1301
1519
1636
1257
1878
1495
952
1394
924
1257
922
855
1427
1154
1079
1249
1014
1022
1396
1366
1404
966
1882
1265
1101
1148
960
1140
1233
1525
1075
1268
1142
1203
938
970
942
1372
973
1670
869
1247
900
1009
901
1484
1131
1004
1311
1105
908
1186
1511
1533
1107
924
1051
982
1291
1364
946
1248
1438
1186
994
1029
964
1178
1049
1402
1113
1414
1236
1251
1102
1464
1015
1232
926
1920
892
867
896
1362
980
1111
954
999
1104
1446
1398
909
894
1053
948
1122
835
1204
1215
1358
1007
1489
1303
1455
1733
1441
1572
1187
1452
1204
1438
836
829
1182
1180
1606
1142
1263
1406
1469
1130
1094
1252
1366
907
1366
1851
1059
1140
1075
1131
815
1226
1926
1134
914
1757
1129
993
1464
1158
1111
1213
1257
986
1118
891
1039
964
1440
922
1408
1085
1182
1322
1277
1287
1087
1215
1271
1205
948
1384
1287
900
1105
962
1555
1338
1436
1104
1180
898
1184
1152
1194
1236
1085
1166
1027
1266
1156
1072
1219
1018
1297
1295
986
1000
1390
858
1267
1287
1012
1105
1309
1102
1166
1083
1119
954
1001
1790
1252
1085
1275
950
1109
1038
859
1357
1305
902
1071
1139
1122
1138
897
1299
954
908
1160
1004
1113
2004
1110
1285
904
907
1252
1057
1006
1035
1527
1287
1087
1917
1480
958
1256
1315
1053
1822
1206
1872
1144
982
1267
1000
966
1039
1013
1109
1787
1368
871
1759
1363
1456
1098
1140
1741
1067
946
1406
1429
1648
1021
1213
849
1745
1561
853
1329
1782
851
1257
1287
958
1212
1277
1118
919
1255
888
884
980
911
1101
1154
1153
1058
1137
801
1003
1182
1388
1200
946
1057
1263
1080
1390
1229
1043
998
1886
1247
1041
1176
1244
1120
1562
1297
1491
1138
1507
1002
1135
1095
1206
898
1132
954
1041
1186
1190
924
928
920
1265
1737
1281
1218
1255
1366
1045
1245
1023
898
1559
950
1654
1119
1269
1027
1452
1045
1103
1160
1445
1240
992
934
1172
1548
1342
1593
1384
989
1168
1864
1067
1182
957
966
1220
1124
1265
938
1493
1834
1420
1247
1135
1155
1396
1777
1034
1309
1258
1041
1000
1238
936
1511
1779
1119
1636
942
1190
803
1013
1721
1587
1261
997
926
990
983
940
1150
1265
922
1660
1735
1064
1570
938
1031
953
1150
1131
1210
1297
928
1525
1033
761
1160
1122
1473
1293
905
1349
1071
1453
903
1088
1180
899
900
1186
1533
1252
1202
1210
998
1081
1106
1206
1011
964
1059
1111
1303
1818
1013
1139
950
968
892
1800
1019
1114
1210
1112
1207
990
1069
1162
1511
999
1239
1584
1257
1218
1220
1132
936
1285
1033
1133
1037
1460
1041
1660
1398
996
1163
1016
1244
942
1025
1685
902
1020
1025
1121
1266
1457
817
1233
806
1205
1203
1172
986
1134
1154
1133
1152
1113
860
1166
765
1131
887
1162
801
1041
899
997
920
1132
999
1091
890
1237
765
1130
938
997
1146
1025
1022
1178
995
770
1157
948
1121
849
1006
930
1115
1039
1184
807
1007
942
923
1013
992
930
952
1146
998
1166
809
1118
815
987
1051
1093
1117
799
1194
1080
948
1061
1162
1059
1025
1168
803
940
926
1166
845
938
1120
763
1021
1035
1682
807
1148
902
1031
1038
1112
894
977
1085
1265
1057
803
1277
807
1020
1099
1170
1102
963
966
1028
1120
960
1236
956
952
1146
1179
813
1132
1041
951
1226
1148
847
1120
815
1416
867
1110
1005
1005
1315
881
972
900
942
900
1991
1263
1041
1142
930
997
1338
1555
1300
940
1329
932
1926
1488
1110
1035
1142
1533
1053
999
1146
1096
1178
2017
918
952
974
1117
1164
1256
1268
1025
1141
912
1198
1192
819
1590
1289
1172
1075
1461
993
1396
1489
1152
1061
1001
1327
1279
908
1240
1144
1153
1267
1049
1267
1053
1067
1265
1262
928
1513
1208
1129
1191
1008
1131
1103
1428
1192
1118
1011
1190
1301
936
994
920
1235
1061
1025
1392
1067
1051
1041
941
1273
1373
894
944
1419
850
1087
1009
890
1268
992
1126
1019
901
910
1055
904
894
1801
1012
1053
1043
1103
1279
1184
1652
979
1238
1043
1113
1015
1870
954
1017
1260
1010
971
1166
1041
1184
1166
922
1134
1138
936
1107
1102
1198
829
1136
1099
1162
1036
1142
1010
821
964
1130
1047
927
934
1099
1081
888
1259
1293
1180
1226
1172
1065
1157
1059
1172
1129
1005
1188
914
1178
1166
846
1195
1125
1243
1005
893
1035
1271
1025
1251
910
910
1007
1342
1019
1539
880
1246
1043
1057
1002
1031
1539
1196
1283
1598
1325
809
1015
953
1203
760
1346
926
1059
906
1568
895
920
1172
1039
1005
984
1045
990
958
1319
888
1228
902
1117
898
1017
903
1166
1006
893
992
1319
936
930
1107
1033
1146
1131
988
1297
1096
999
958
942
995
942
1124
804
987
1016
1154
1241
936
1118
813
1134
894
1061
1012
1114
900
1094
1248
1010
940
906
983
1124
801
1253
1021
1231
898
1176
1140
759
1245
1523
1152
1793
1166
1023
980
1126
1059
1152
1007
954
1154
898
1031
930
1335
924
27023
983
1043
1055
774
1251
951
1097
986
1412
1298
1013
946
1402
940
970
1027
1031
1113
966
1249
1123
1043
1357
892
914
918
1102
1148
988
819
934
997
1081
1293
921
944
809
1249
1291
1006
906
918
1055
924
1400
926
1156
928
1077
1271
1011
1154
916
1279
1253
1032
934
1141
1096
1014
1708
896
896
1234
1295
912
1325
1228
930
1162
1039
995
1226
1013
1765
1285
1408
1848
1136
1279
1447
1063
1239
985
924
1291
1117
1251
984
1442
910
1430
1204
1154
1462
1202
1061
1035
974
1020
1118
817
1312
1045
1204
1021
983
1166
1168
1367
1483
868
1541
1285
968
1192
1103
1260
1069
1087
1133
1279
891
1408
905
915
1273
1006
921
1547
1016
1495
1375
1188
1244
1109
908
1073
1214
918
1113
1731
1079
1466
1162
1200
1275
1537
1354
1273
1021
1381
1919
867
969
2046
1432
1075
1234
1473
1809
1166
825
1129
1170
1246
1061
1317
1783
1345
791
1211
1701
997
1326
1047
979
1142
1785
1785
1176
1164
960
1114
1260
995
886
1235
978
855
995
966
1662
1107
967
1299
1225
1265
1344
932
1061
1222
956
1213
922
1466
1278
1126
908
1132
1158
1162
1261
895
1214
1170
1104
1225
969
1731
1317
913
978
1247
956
1245
1314
848
1284
1247
1035
1876
1475
961
990
813
1081
1218
1047
1206
1002
999
1117
1763
1727
1019
984
1172
1110
1265
1043
922
1218
1051
964
1156
1013
1266
1007
1287
1213
1246
1230
811
1363
1750
967
1105
1215
1150
1261
1175
918
1931
914
1045
1006
954
1075
1053
1037
1095
1206
1243
1149
1118
847
772
1166
1798
1351
924
1085
1030
1017
1035
1311
886
1184
947
1032
915
946
1472
1624
972
1014
1134
920
895
1035
898
1230
1153
1108
1124
1051
898
1059
1255
973
974
867
1010
1089
1112
853
1223
1329
898
1140
1416
2513
1078
1658
1192
995
1276
1040
1872
1291
960
1013
926
1232
1661
955
988
896
1009
1142
1366
1539
1386
968
1065
1332
975
1295
1295
1087
1120
1285
1961
979
926
1021
1095
1015
946
1437
1168
1025
831
1071
1186
1053
893
896
1240
975
1232
1150
1095
1110
887
971
1265
1085
1390
1075
1162
1089
1761
1557
926
1291
1902
1632
1103
1020
1007
1166
1352
1170
1081
1162
803
985
938
1152
797
1079
809
1101
1137
991
1013
1269
900
1170
989
936
1134
811
978
1462
1023
1309
920
1168
813
954
938
1007
1317
986
1120
1073
1020
1228
1668
1317
1061
1456
918
1146
1289
940
896
1122
1085
1246
892
1152
1043
1267
1198
1037
916
1144
878
764
1263
857
1157
1019
934
987
1287
1142
1083
1186
1076
1924
1351
930
1259
1128
990
985
976
1057
1186
1135
1011
1138
1852
1297
1110
990
917
1029
900
833
1277
1150
1150
912
1057
1003
1231
1186
1203
1126
900
918
928
1113
901
1255
1301
934
1034
1227
871
1225
888
1267
1100
823
1053
1047
1251
948
1003
1154
1014
1069
797
928
1455
1026
799
1111
897
880
916
1108
817
851
811
922
934
926
1023
1222
1023
1010
1531
1178
938
1136
817
974
1473
1202
1134
1035
926
1047
1138
1142
946
1277
920
1122
906
1047
1150
924
1164
1107
1130
912
1172
808
1112
1416
2477
2165
1392
1767
2681
3710
1075
1552
1275
1708
1676
1680
975
1646
917
1893
1121
1476
1860
1085
1186
1601
1200
940
1374
1705
1400
1141
1509
1182
1353
1081
1232
963
992
1323
1402
1152
2039
896
1152
1501
1281
1033
1327
1584
996
1531
1166
1180
924
1263
1733
1176
1136
1259
1329
1049
1738
1047
1935
1095
1132
1079
1218
1900
1448
1285
956
1140
1164
1408
1418
1825
1097
1487
1013
952
1646
1580
1093
1065
1176
1270
1123
1337
1053
1077
1255
1038
950
1295
940
1378
1206
1527
1081
1386
1168
978
910
1759
929
990
1703
1356
1011
1866
1152
993
1113
1093
1037
807
1108
988
1068
1047
982
993
1293
1154
1343
962
1575
1240
944
1035
1348
992
1404
1017
1884
899
807
1289
990
1206
1125
934
924
928
911
1277
1172
970
1122
950
1212
952
958
1218
1037
1309
1124
1251
1275
900
1015
1525
1051
1120
1391
938
1049
1414
981
1404
946
1180
904
1029
1102
1028
1136
989
936
1274
894
1259
999
1507
1125
1097
948
1004
1010
1654
1016
915
1685
1103
890
1900
1452
1146
988
1291
1234
1319
1013
1085
1444
975
1298
1791
1277
948
1785
1327
924
1899
1229
1415
1251
1144
1202
981
1031
1065
1209
1283
1301
932
1103
867
783
1503
1212
894
1021
982
1000
1449
1112
1118
1537
1257
930
1170
932
1009
1690
1884
1215
1134
1007
1200
1404
893
1239
1190
914
1139
1285
1012
1166
938
1078
1160
900
1109
1000
1334
1396
866
962
1400
972
906
1007
1233
1053
1256
914
1020
1168
1120
1213
1063
918
1108
927
1261
1267
974
907
990
1104
1121
1055
1263
1246
903
922
1207
1150
1094
1253
1280
916
1021
950
1115
1372
1055
912
941
1241
996
936
1236
1023
1621
903
1111
1031
916
843
1143
932
987
898
1124
996
1226
855
1473
1253
1039
993
942
1911
1484
1322
1690
1186
1160
1142
1801
965
1283
1279
1560
1723
997
986
1008
1107
1031
1166
1164
1047
1281
813
1435
1083
1120
1253
831
1101
1035
1065
898
1315
1134
1227
1047
1019
1027
938
946
1456
1249
1343
980
1438
1580
946
1232
1152
1005
1063
1237
897
1249
1089
793
1097
1281
962
1124
894
1025
956
1168
966
1396
1150
999
1103
856
1368
1005
1104
1265
1127
1180
1137
912
1152
1075
1172
1104
1112
1206
1110
876
1170
1256
954
1222
1136
1033
1739
1198
1017
1261
973
1257
991
1032
1309
1045
980
1333
979
930
1037
1017
1152
1202
1073
1142
906
1328
1521
1013
934
920
962
880
1125
1097
1178
974
1216
968
986
1069
967
980
1362
1057
1527
1160
1416
1485
803
1369
1235
1228
1132
1382
932
1009
940
980
1285
932
1048
1014
934
1001
1159
1525
1031
1013
1113
1245
842
1180
1152
1108
1276
1053
898
1190
1057
1065
932
1156
883
1001
966
1216
973
918
1016
1031
1271
904
1081
1258
1420
916
946
1271
1237
1254
1799
1265
936
902
1025
1104
1033
1126
1259
1057
1261
1142
1479
1271
897
1021
1237
1101
1024
1210
1266
1344
930
1051
1246
1194
1138
1018
1018
918
1275
1004
1043
1206
1263
899
1047
1242
928
934
1662
922
964
1450
1009
1066
1444
1277
1039
1002
1011
1302
1091
1023
917
1152
1073
1154
1283
1351
1112
1479
1049
1029
982
1027
1285
1144
921
1360
1125
1208
1158
1162
1220
946
1035
1110
862
1253
994
892
1223
1399
968
1045
1031
930
1237
984
1076
1134
916
1356
1172
1537
1263
1116
1370
1164
912
1035
12067
1004
1692
1058
1218
1047
1283
1223
1115
1320
1053
996
1017
973
1178
929
999
1102
1069
1131
974
1005
926
1064
1180
1442
936
1296
1043
1222
1261
1079
1238
916
1327
1372
1231
892
1287
829
1103
1164
1374
1658
1354
1172
940
1293
1293
1713
1138
1275
1162
1039
1273
1192
1210
1333
920
1019
1025
1241
1230
1203
898
1537
1275
1179
930
1232
1183
1063
1102
1081
894
1252
1033
1067
1146
1140
1590
1388
969
1076
1055
1321
1149
1257
1090
1249
914
1024
1243
880
1122
1176
930
1253
894
841
982
896
1128
946
902
1162
995
1238
936
1039
1023
922
1024
1122
1017
1126
1390
1238
1244
917
1275
1363
903
1220
1110
1106
1414
995
907
1460
1084
1096
1049
1339
890
1459
1015
918
902
1235
1003
1008
1242
1311
1053
1237
1182
1049
1113
952
1192
1450
952
1184
1415
1499
1295
1063
1013
975
1057
1228
1208
1338
1162
1023
1011
897
1144
1053
1037
1049
1263
1039
930
1307
962
922
1443
956
1190
900
1035
1253
882
1219
1366
1040
1007
1271
1007
980
1404
918
882
1121
1125
1196
1174
1160
1242
1113
1020
1011
920
1002
1051
1043
1252
1275
1039
1269
967
1271
1265
932
1932
1158
1117
1311
1180
1202
1211
1175
1017
1205
1150
1168
966
1027
1205
946
1380
1253
1517
1238
1154
993
1297
1186
1017
1182
948
1297
996
1184
1271
948
1023
1019
950
1464
904
1311
1257
894
1571
1027
936
1313
1447
1035
1337
1019
1019
948
913
1224
1465
1007
1224
922
1572
1091
985
1017
1360
1402
940
1029
924
909
1308
1061
988
974
905
1190
1130
827
1270
1119
1069
1113
1174
1247
983
1009
1117
1614
1025
1324
913
1015
997
998
1032
1266
1009
971
1313
1015
1231
1323
1527
1269
960
988
1194
1049
1251
906
1017
1338
1111
1511
1339
1134
1289
1069
1051
1343
904
1236
979
962
897
1400
1264
1228
1176
1170
1059
1511
1055
1301
1045
928
1021
1105
1013
926
934
1374
930
1196
1051
1002
936
989
979
1216
974
1263
856
1265
969
894
1206
908
1061
1027
982
1275
1313
1000
1027
1271
1147
1246
908
1087
996
1257
1255
1313
1186
1019
1243
912
914
1249
989
906
1368
908
885
936
1266
950
1127
1261
1039
925
1053
1164
871
1265
1378
896
1231
1291
809
1172
1367
934
1229
1289
1231
957
1192
876
918
1035
1019
918
1019
1035
1162
916
1233
950
1088
815
1236
942
910
1082
1041
1014
1096
942
1319
972
1059
1222
1306
1120
1025
1089
968
1117
1116
1425
1211
1392
1295
906
1367
914
1012
1035
1844
922
902
1496
1600
890
1154
944
1072
1028
896
1005
889
1143
1051
911
904
1047
1075
1267
1049
1382
1043
1021
1872
906
934
1105
1028
1275
1097
983
932
1745
942
973
1126
957
1260
1115
1077
1016
1794
1378
1051
1164
1922
1015
1213
1608
940
1463
1277
1132
1067
1716
940
1158
1152
1487
1223
1137
1735
1003
1057
1104
1076
1771
982
1027
1856
1188
817
1182
1121
1023
1460
1227
939
1434
908
1176
906
900
1051
1299
901
1156
1327
1015
1275
1130
1612
1291
1412
1321
930
1110
913
1246
904
1152
1497
1010
1249
1697
910
1255
898
895
1194
916
908
1191
