1184
938
1155
875
1271
1306
1031
999
1218
1690
1221
1011
1536
1230
1161
1501
1039
1160
1103
892
1192
1198
1245
1215
1144
1132
1242
803
1430
1287
1517
1180
1194
1277
1547
1139
1747
1190
912
1156
1227
966
1190
1279
1049
1217
1265
1570
1232
1212
880
1267
1300
894
1328
1293
1128
1361
1059
980
981
1178
1252
1022
890
1061
1170
1717
1332
1069
1099
805
1642
959
964
1162
1244
1118
1106
1289
1240
2025
806
1258
1689
921
1116
954
1041
1563
1017
1051
1208
1817
1319
1176
1251
998
977
1132
1628
961
1245
1012
811
1761
1039
1761
1103
805
1738
1047
1152
1237
1243
1404
1091
1299
1640
1135
1186
1336
1751
1162
1181
1291
1769
1418
1016
906
1114
1245
1533
1126
1033
1256
1307
1061
1146
1162
1115
1406
1203
1187
1317
1200
905
1211
1051
1199
1231
954
912
1149
1021
1152
1126
1239
1118
1806
1533
1257
801
1117
960
944
888
928
1108
1535
1201
1114
1303
1416
918
1174
1108
1174
1983
1019
1136
1231
1259
1190
1117
885
1142
1430
908
1186
901
889
1142
1267
1140
1066
967
1009
1441
1057
1041
1385
950
1132
1051
914
1031
1114
825
1022
1044
809
1753
1174
1277
1164
936
1246
1119
813
1099
823
1451
1210
1832
1229
1041
1045
1316
1661
1037
1138
1658
1150
1004
1115
1287
1279
1017
1101
926
1168
1035
942
1211
1688
821
1491
1446
1160
1243
906
1789
1168
1160
1725
1042
803
1367
1174
1051
1111
1170
1244
992
809
1257
948
966
1438
1305
1185
1065
825
1310
1285
905
1049
1166
1190
1741
1238
903
1069
1045
975
1059
1047
813
1836
1235
922
1218
1146
1120
1283
823
1184
1116
803
1260
1158
798
1251
898
1192
1020
1066
899
1226
954
1728
1711
976
1307
1464
1254
958
885
1313
1323
1159
1363
1350
1144
1287
1043
1384
909
1191
1184
1110
1087
1281
823
1195
1116
803
1186
1309
950
1646
974
1225
996
952
1152
1295
1230
1287
904
1158
1759
1791
1199
1178
1236
835
1279
1224
1297
1127
1090
1132
819
1119
1297
983
1113
1130
1265
1279
1463
1143
1237
966
1122
1118
1055
1363
1253
1221
1482
1043
845
1138
1134
1160
1122
1855
1118
771
1307
1045
772
1176
785
1783
1265
1021
1074
1330
1176
1491
1055
1132
1162
1142
1283
988
906
1027
1215
1037
1061
1111
1105
1154
1132
811
1125
1196
1087
1063
1274
946
1200
1017
1043
1156
1240
1073
1166
954
1145
1015
1073
1208
813
1240
1093
888
1205
1030
815
1111
1257
1289
1047
970
1315
930
827
1085
1041
940
1255
966
926
1967
1021
1257
1118
908
1354
969
1208
1122
1148
1107
1582
961
1037
1039
1120
1087
770
1281
1172
848
1261
1999
1018
1012
1009
811
1307
1237
1071
1113
1224
1019
1541
1017
1295
1000
1337
1537
911
1249
854
777
1404
1057
1142
1079
956
1172
1128
1237
1543
985
944
1456
900
1795
895
839
1115
1206
1246
1289
795
1208
1273
1214
1164
1227
1154
1277
1076
946
1626
799
1156
1154
1309
972
1065
1256
2033
1227
1416
1359
1215
1091
1188
1136
958
1291
946
1111
1236
1192
1574
938
1140
1350
974
1259
1073
1434
999
1261
1763
1664
896
1147
906
1135
1017
1386
1146
1241
887
1735
938
1136
1241
1233
1008
1931
1150
1166
1019
1281
1178
1297
1344
1152
1156
1289
940
1083
1507
1188
1158
986
1041
1243
930
1053
983
1029
1112
1166
1595
936
1142
1769
928
992
1297
1242
1049
1462
886
1197
2031
914
1210
1302
965
1279
936
1541
1206
823
1245
1311
1030
1794
1093
936
1525
1115
1134
1731
1596
936
1157
1055
1278
932
1138
1561
1055
823
1180
1132
1263
1289
916
1665
944
898
969
1145
1049
1098
1283
1012
1549
1297
1527
1202
934
1493
1904
1287
1374
1291
1511
1182
986
1186
1525
1002
1453
1257
861
1269
1051
910
1247
1568
1137
1047
1031
1210
1454
1037
1000
1231
1033
1121
1021
993
886
1261
1087
1100
1047
1530
1025
914
1035
1441
1299
1047
1362
1235
1013
1166
1019
1806
1222
1218
1027
1804
1439
1025
1011
998
1162
1218
1153
813
1041
1057
1237
1232
1055
1698
1047
989
1107
1279
1142
865
1025
1118
866
914
776
1016
1061
1200
1005
1098
1013
906
1004
825
1072
1028
978
1103
916
1008
918
887
1000
1093
886
944
1018
932
964
1093
1055
771
1245
899
1896
1130
1281
873
956
922
1145
998
905
1047
851
1302
1006
897
1124
914
995
914
1160
1297
972
908
1095
1045
883
1242
1029
1053
892
981
1142
1310
1043
1257
987
989
978
956
898
909
1269
1133
963
1315
934
916
1148
1384
900
1178
1347
808
932
902
913
878
1243
1333
987
1313
767
1598
934
1162
1275
1057
791
1146
916
878
977
1257
1148
1304
903
1099
1011
1136
1176
1493
1208
912
1380
1353
1010
1340
1466
1138
1014
1642
999
1081
1210
1202
1219
1214
944
958
912
996
975
1158
971
989
1212
1207
999
811
992
920
1077
1684
1283
948
1337
1205
1295
1204
1955
1304
1166
947
1002
1289
1800
1252
1568
993
918
1146
1023
949
1449
1150
1527
1033
995
1014
1299
1799
1339
1107
1361
884
1604
1402
1386
1728
1416
2046
1616
988
1174
1354
958
1337
1462
956
1041
827
1057
1049
987
1303
1382
1043
1277
1140
1051
1136
1640
959
1382
950
1089
908
801
1313
1011
910
1648
1253
1241
954
962
1186
1281
930
1311
912
1152
1164
1002
1277
1210
945
1043
994
909
1234
1118
946
922
1174
1243
1075
1302
922
1465
1260
934
1037
1295
900
1051
997
940
1291
1787
978
1121
989
1057
920
946
899
801
1107
865
859
926
1109
1547
1263
1117
1213
1225
1018
1214
1110
1075
1376
1081
1022
827
970
1043
983
981
1375
906
934
946
1541
1069
1400
1394
1002
1394
1164
849
1138
1597
1327
1203
1090
1273
965
986
1368
954
1630
1357
1906
985
946
1142
1293
1479
1309
992
1036
1152
1289
1095
1113
1610
1339
988
1035
976
1509
1139
1400
1005
1295
879
1454
1257
1098
1111
1636
1144
1301
1043
1235
986
1172
2027
896
1114
1299
1016
1053
1293
988
1319
910
1047
902
1031
1140
1267
1555
1140
1242
1006
975
1287
1037
2025
1033
1267
968
1478
1319
1028
1251
1216
1789
1826
1136
912
1168
918
1162
1141
1283
1029
1138
1013
1129
1043
1231
956
1374
1311
1067
902
940
1160
934
1515
1651
1330
1624
1666
1029
1336
1467
972
1412
1053
1247
1039
1251
1526
1285
974
930
950
1049
1166
1456
946
1404
977
948
1099
898
1198
1105
1427
1239
1117
1190
1061
946
1215
1241
1227
1176
963
1289
918
934
1071
1170
1047
1251
954
1081
1147
977
944
906
944
999
1438
904
1203
960
1404
1874
1218
1158
1843
1055
1068
1287
1326
1198
983
1081
1019
912
1753
867
1372
1204
1297
1582
1024
1061
1779
1271
1069
997
1015
860
1486
995
1087
1117
988
1075
958
1049
1147
1463
1573
1420
902
1075
951
1146
1228
918
1666
1361
1351
1620
1002
901
1741
829
1093
1168
1037
1628
968
1166
1051
1285
984
1100
1049
1164
1053
900
1307
1273
886
1253
865
962
1745
880
1552
1380
1322
1236
1000
910
1932
1423
1002
1202
1118
1243
866
753
1055
942
1239
981
1109
950
1293
1827
918
1051
1011
811
1261
946
1027
1097
831
1468
1698
1045
1287
1719
1138
961
1380
934
918
1061
1166
940
1076
1390
994
932
938
1590
1038
912
903
1241
1376
1152
914
1291
914
1432
918
1379
803
1180
1130
930
1632
1297
896
980
1321
908
1676
1018
1057
1089
922
1053
926
925
1130
924
1304
940
1345
944
1220
887
988
1129
1791
1023
1045
1585
916
1781
886
1145
979
1365
910
813
936
924
1105
964
1196
1393
854
807
1265
1188
930
1354
964
910
1339
1251
906
1313
1249
1037
1182
922
1261
1170
934
1218
1281
1154
1325
938
1011
984
911
1148
970
1032
1525
1120
895
1140
942
892
1125
942
1073
896
1118
1530
1017
1247
906
1110
1131
926
1049
1928
1285
1027
988
915
1192
996
894
1227
1009
1650
1368
827
1277
866
813
1142
1446
1626
1111
1045
1097
1010
1497
1273
1295
928
1148
997
1527
1029
894
1063
1465
1396
1325
1682
1008
1027
1190
1166
1275
955
1041
900
1455
1025
971
1162
996
993
1039
1123
1313
1192
1120
1152
1271
1051
938
952
1021
1704
958
1027
1412
1319
1115
1091
1418
966
1269
1047
1117
954
1039
1243
1473
1266
1743
1047
1033
1829
1366
972
1017
1114
1541
1486
922
1216
1273
895
1170
1033
900
1248
1785
1501
1116
1253
1109
946
974
1386
1172
1246
1390
994
1610
1941
930
1798
950
1045
1134
948
1543
1250
1041
1434
1299
1037
1426
1158
1505
1299
1199
1074
1537
837
1162
1108
1051
1130
1053
1043
916
1271
1289
1061
1039
1238
1051
1057
7379
1073
1093
1146
1144
1606
924
1400
1350
1338
1033
986
1202
1037
886
1249
1376
1414
1547
927
1529
1027
1509
1741
950
957
1359
1809
922
1456
1339
1071
1228
908
1146
1202
1358
1129
1002
908
1228
1009
1276
1053
1257
1261
1505
1188
1368
952
1021
1325
815
1257
1248
1070
1160
889
1741
971
1002
1004
1031
1366
1156
1120
1059
1018
1009
1456
930
1594
1202
1139
1364
1699
938
1537
1323
1041
1396
1142
1280
1246
1757
1123
1122
1632
1582
1474
1067
1148
1085
1170
1349
1015
962
928
1132
989
1470
934
1121
1025
974
1111
861
1378
1315
1297
1206
1198
1255
1763
868
1737
1215
970
1287
1378
1273
1709
1757
1204
915
1126
1880
866
1071
1301
1146
1755
1230
1491
892
1908
1487
1110
1646
1158
1035
1164
958
1015
1133
926
1027
1414
902
918
1306
909
1274
1016
1267
1174
924
1655
1185
961
1511
942
1132
941
1115
926
1047
801
967
1321
990
801
1096
953
942
980
1269
1344
909
1110
891
1112
922
1243
921
1075
1017
1053
895
1122
1134
910
1199
1039
912
1380
954
1638
969
974
990
831
1608
934
914
1092
1039
1925
914
934
916
913
916
918
1170
871
854
886
944
898
1236
913
1148
1039
932
1015
1509
1178
1102
1043
1170
1235
1257
1065
1264
1384
968
1049
1384
958
1333
1032
769
1301
1811
1073
1398
919
1059
1035
1359
1025
1135
998
1404
958
1493
1261
1037
1329
1005
1289
1059
978
1321
1354
1025
1149
1735
1435
1632
1563
1472
1072
1014
942
1122
1285
1095
1874
1509
1289
1741
985
1150
927
1060
926
1105
1118
1576
1162
1065
1607
1672
1186
1204
1794
1561
1115
1525
1223
1882
1027
1081
1216
952
1206
1458
972
975
898
1047
1488
1029
1051
1164
1331
900
1396
1366
1222
1144
932
1840
948
1587
1225
1239
1884
1159
910
1382
942
942
1136
1275
1035
1196
909
797
1446
1200
1254
1085
926
1082
1939
968
1075
1182
1588
1190
1305
1041
779
1690
1258
1382
986
1415
1648
946
1015
992
1031
1289
1143
1357
1047
1396
1198
994
1152
1477
1572
1882
1100
1087
1319
932
954
1164
1836
1269
1499
1049
1301
1231
944
1152
1371
1409
1142
1464
1106
1800
1053
966
1033
1279
928
1083
1424
1273
1719
1305
1483
1037
1176
1410
986
1020
1313
1838
1827
1180
1648
1478
1781
995
1898
898
1523
1088
1076
1093
1038
1376
1307
1031
1408
1354
1196
1507
865
997
1277
1112
1096
925
1045
1307
1182
920
1166
1044
950
1206
1788
1172
1010
1041
1144
1019
1200
1262
942
1116
1279
916
1029
914
819
1398
1375
958
1378
1102
993
1108
1118
1271
962
1570
1203
1194
1648
1192
932
1719
924
1129
1359
1007
1801
1390
902
928
1166
1227
1200
1387
1734
1186
970
884
1164
1850
1023
807
1106
1404
904
1125
1246
934
1185
1126
1053
908
1001
1023
1013
1124
891
1344
906
1051
1313
877
1273
900
1031
1132
1019
950
1076
1196
1011
1269
914
1017
1061
1022
885
1112
1013
924
1045
823
2173
914
914
956
1035
1422
807
944
924
1164
1019
911
1124
913
1061
942
1073
924
932
1023
1331
1020
1332
842
1005
1043
896
1144
886
934
1198
1035
907
1167
957
1916
946
1032
938
979
1152
1136
757
972
1019
783
1160
1261
1001
995
894
1116
940
1011
1009
1023
1027
1870
936
1085
944
912
1123
912
1160
1045
898
1235
922
1289
932
1085
1255
1112
1369
1016
924
1178
1363
831
978
1469
1025
938
1261
1093
1164
1142
879
1527
1126
1025
1085
934
932
1127
993
1134
803
1275
1066
1128
1619
893
886
833
1110
896
1271
982
1252
1011
1168
1251
899
1087
1227
912
934
928
1145
1033
1313
1644
1243
1777
997
997
1158
1144
1160
1190
1505
912
904
819
983
983
1127
1009
1223
1014
1404
960
1025
1777
1031
1079
1380
1130
1563
1258
1076
1114
1124
1398
1184
1253
1347
1366
1152
956
970
1125
1302
964
962
1443
1107
1118
1624
1394
1375
1109
997
1276
1291
1148
1344
1166
1148
1041
1358
928
1178
976
1205
885
785
1590
1293
1142
1253
1023
1271
1289
1141
1029
1002
968
1102
1244
1030
964
1138
1059
966
973
1430
1154
823
1230
1434
1434
1182
1150
986
1212
1013
1252
1305
926
1262
1374
1622
1061
1237
986
1005
1190
963
1499
1402
1743
1305
1502
1537
1408
1299
809
1545
1150
1371
1263
1462
1198
1213
1105
1073
1068
1198
1836
1203
1374
1158
1446
1055
1003
1121
1245
1406
1277
932
1697
1204
841
1795
1586
1210
1136
1135
1259
1541
928
1271
1057
1130
1366
1293
1049
1513
1055
1809
1440
1628
1180
920
1755
942
884
1100
1117
894
1069
1071
1119
958
841
1211
998
1178
1587
863
1256
1811
972
1118
1182
1162
970
1271
1186
962
1115
1533
1487
1006
1333
825
1279
1540
1664
1146
993
1156
889
1261
932
1283
1126
861
1086
1128
1047
1271
920
1075
1065
1158
1148
1238
1008
799
1392
1301
1034
1406
1802
1152
1195
930
1061
1279
977
1003
1118
1846
966
942
1203
1452
1012
1513
1810
1156
1249
952
1174
888
1241
1466
910
1029
1299
1540
1271
967
1902
912
823
1551
1214
982
925
1545
1156
1590
1159
928
1125
1575
974
1067
1593
817
1394
984
1182
1051
884
1016
1669
1404
821
1325
1247
1157
1386
983
1235
1564
821
1264
1291
914
1073
1228
839
1241
906
1006
1812
993
1237
1049
950
1118
1458
875
1531
1261
946
1644
1087
984
930
2017
1646
1324
1130
1101
1243
950
1201
1460
1023
970
1089
1215
1769
1452
1251
1396
1874
1030
1170
1238
787
1216
1182
944
1249
1650
838
1283
1079
1299
1840
1567
1019
1080
954
1908
1432
1662
1249
1121
1776
985
914
1565
952
972
1404
1402
1190
970
1348
926
1350
912
953
1057
986
904
1289
1166
1158
895
894
813
1253
950
832
1254
1027
1140
952
1281
979
1693
1362
989
1035
1897
969
1186
1031
1100
1303
1242
868
1424
1892
1070
1115
892
1082
1061
1601
1149
1176
839
1083
1240
1004
1192
823
920
1142
974
1102
1206
1116
1263
1786
1791
1134
1523
1220
1079
1229
1723
1181
1186
1396
1063
1283
1505
1111
1013
1245
988
1000
1164
1118
1552
1214
1160
1771
1313
1271
994
1416
1803
1055
1092
1555
922
890
1224
1015
813
1101
1209
1176
1124
1146
810
1222
1008
934
1154
940
1245
991
954
1221
1158
1255
924
825
1208
1382
1135
1014
1295
856
1457
1015
1404
1196
941
1453
997
809
1700
1891
1071
1141
813
1134
1220
1472
1168
835
1249
947
1174
799
1231
1214
922
1206
1564
888
1186
1328
899
1115
838
1139
1172
843
1268
1311
968
1129
1767
1104
1269
1291
1239
1147
823
1206
1523
912
1301
1136
932
1299
1305
801
1158
875
1237
1055
1038
1519
1305
1091
1104
819
1765
1158
1199
1479
1053
1358
1858
1028
1184
1304
1578
1420
889
1081
1097
1186
1253
1546
902
904
1208
1143
1206
1255
1109
1231
1761
934
1091
904
1126
1136
897
1110
1521
1218
1208
1017
889
1160
924
1590
1543
1030
1049
1109
944
1003
1256
1420
1652
1184
811
1059
1329
1047
1099
1791
1177
1051
1406
889
802
1281
1487
957
968
990
811
1266
1289
989
1793
1032
950
1076
1882
923
1272
1753
1449
1106
1043
1285
1081
1027
1004
1324
1043
1979
1035
1038
1307
1922
898
1384
1269
914
1293
1132
1037
1249
1176
1140
1345
989
1017
1263
1319
954
1394
1657
1045
1509
1592
1136
1427
1057
1079
1186
1061
1158
1463
1357
1191
1012
1095
991
1393
1253
938
1549
1466
1079
1079
1111
1117
1172
1238
1775
1069
1281
1056
928
1129
1037
1176
1047
1491
1255
1035
1258
900
897
997
1180
1368
1178
901
1198
957
815
1323
936
1006
1105
1577
819
1421
1194
1661
1032
1148
1057
952
1158
1559
1261
1517
1013
1119
1295
1132
1918
2009
950
1206
952
920
1144
1209
1170
1198
1489
1317
1035
1230
1285
1021
1099
1814
1148
1341
1261
938
1115
1235
1041
983
1094
1039
1162
1015
1636
809
1389
1182
970
1014
1037
1385
1043
924
1485
1886
1104
890
906
1176
882
1105
1267
815
1053
942
987
801
1039
964
1186
1113
955
1132
1069
1027
1261
869
1148
1285
936
990
928
1142
876
1247
1022
1383
940
1273
1081
942
946
1206
897
1164
944
932
1121
950
1272
1159
1259
1131
1029
946
1519
1061
992
1188
1104
803
968
1059
1205
958
1191
1114
960
1108
1267
954
1144
1277
1073
1174
1045
1791
1025
978
954
1158
994
1182
1143
932
1129
1146
1021
1162
1019
1103
809
916
994
932
930
1140
801
991
1150
1051
1416
1091
1138
1785
1178
1287
1380
1447
811
1918
1655
956
1116
1368
1818
884
783
969
1166
1251
1103
1001
993
1183
890
1644
1231
1225
1155
1071
1069
1684
1478
981
993
934
1279
1531
1029
1832
1458
1018
1170
946
1250
991
1148
1174
1291
1029
1244
1341
1007
942
1158
1422
1341
1009
1807
1496
1835
1057
962
1515
1817
1051
1828
885
853
1336
1269
916
1144
1027
1261
1759
1037
1773
1065
1630
1699
825
1347
1537
839
1507
938
1835
1116
1029
1430
1395
1200
1392
1241
1390
1160
1059
1183
1353
1213
1209
970
1182
1107
1295
1321
1053
1743
1089
1202
1733
908
819
1224
1253
788
1166
1230
978
1711
906
850
1528
1295
1009
1870
918
1202
855
1061
1720
1138
1035
1043
1696
1047
1019
946
1138
1109
965
1142
1156
1716
1095
1279
1147
1285
1069
918
1267
1329
998
1521
1132
1132
984
1137
1112
898
887
803
988
1031
1033
815
1136
801
1331
968
964
1152
1021
1156
1144
1459
1170
920
1021
934
1127
1186
1579
946
1190
1252
924
1134
1111
811
996
1000
1128
982
1151
1049
795
1245
1025
1170
1012
813
1061
923
1136
936
974
1008
1275
1019
1396
1271
1281
1237
813
1257
924
1146
988
1378
764
918
960
1125
1364
1368
1110
926
934
1162
1903
1029
1783
1159
1751
1273
908
1192
1027
934
1243
1817
914
1089
1483
853
1203
1777
1454
916
1027
1485
944
1019
918
1139
1263
1051
904
1281
1145
996
855
1475
1210
1011
1257
974
1234
1013
1156
1138
1587
1148
965
1166
1170
817
1160
1112
1280
1208
1037
1209
866
1172
1073
1164
1208
1158
1162
1317
1208
934
914
802
1003
918
941
932
974
894
1155
993
1005
1001
1033
1106
1235
1012
996
894
1134
831
936
1029
1118
807
1899
809
1130
988
1120
891
1156
966
1117
918
906
1113
866
934
910
1206
1127
1143
1267
1045
1114
803
1238
1013
1111
847
1329
1045
1027
1180
801
1114
1011
1254
811
1186
973
1497
1991
1068
1081
976
972
1095
893
1168
1245
1146
1318
1427
965
1218
944
1482
1151
992
1353
910
1373
1015
1250
1170
1021
1031
1805
954
1271
1041
1079
1003
1285
1148
1188
1095
1188
1427
1081
1075
1150
1273
1092
1091
1089
1235
1295
1095
1772
1158
1624
1102
1132
867
992
893
1158
952
1088
942
1264
936
1150
984
1839
1090
813
1202
1186
808
1291
930
1125
1185
1232
888
1791
1451
1053
1329
1263
1355
1047
1249
1095
1134
1222
1198
1230
1384
1225
1770
920
1555
1271
995
1047
1640
1053
1077
1698
1180
1549
1198
930
1745
1481
795
1178
912
813
1513
1182
801
1188
1075
930
1200
1027
805
1043
984
1932
1135
1162
996
892
1224
1384
799
1154
1249
817
1045
896
973
1152
938
1079
1471
1081
815
1110
1154
1223
811
1115
844
1091
891
976
938
1125
1039
1099
819
991
1134
1053
1087
962
889
1174
1158
1026
1146
795
981
1035
1005
1152
908
933
1148
930
910
942
916
1182
1035
1081
940
924
1238
1069
1807
909
1142
1422
972
1199
1128
1001
1442
1672
1264
964
1178
934
1045
1232
1206
1913
1277
1295
1610
1444
1073
1041
1029
914
1640
1206
938
1198
1223
1124
1162
910
1063
1083
1402
1041
1837
1269
1098
1110
1523
1027
896
1299
1250
912
995
1384
920
1259
1100
977
1236
1295
932
1798
988
997
1194
1328
1029
1375
934
1037
904
1049
1759
886
1580
1215
1113
1073
1174
898
1065
1220
901
942
1081
932
1150
1275
954
1390
2027
922
1864
988
920
1805
1442
1025
1178
911
1243
1345
891
1515
1743
916
1156
1386
1836
1242
985
1067
1394
924
1019
912
802
1224
1168
1162
900
809
1266
1043
922
1886
914
1281
1646
912
1239
1003
1781
1067
903
1222
783
1394
847
993
942
1301
914
936
940
1138
1369
845
1230
962
1277
1053
1083
1295
1011
1143
908
1081
1114
960
1037
982
960
1009
1281
896
966
901
908
1142
1284
1188
1111
1923
1309
1388
922
922
1089
1245
1160
1235
982
905
1140
904
1202
976
981
1066
1277
1147
1317
1018
1264
1143
1118
932
1200
1260
920
1356
1166
948
1279
942
946
1053
975
948
812
1010
989
1382
863
1226
912
843
1190
918
1049
1149
940
1148
1374
1775
1092
1269
842
1289
859
1140
1266
978
926
1039
1138
924
1067
1091
901
1227
936
942
1105
913
993
898
1166
1295
906
1109
994
1112
932
1084
1049
1116
1120
896
1151
976
938
1053
1051
827
912
1043
916
938
966
1168
924
1138
1259
910
1122
1251
1216
1029
1043
999
898
1135
898
1088
1142
1832
946
956
1471
1009
1017
1139
815
1093
1027
908
1108
988
797
1303
1315
1027
930
1116
1037
1021
1053
1018
921
1039
1115
1033
1120
1095
900
1138
940
928
1156
1102
955
1349
1225
959
1206
1121
1097
1408
1005
1033
1118
1003
1045
1158
1001
801
1164
1305
899
991
1009
1004
1012
1809
1309
1115
1341
1021
923
1041
910
1013
1915
912
1156
1305
1150
1103
926
1148
1323
1089
1103
1335
940
1806
1065
1652
1073
1085
1259
910
1228
980
1259
1182
1110
1261
1041
1045
1010
1138
1156
954
1053
1285
1136
971
1602
1374
1578
1170
982
1420
972
907
1234
965
1904
1783
1523
1872
1103
1114
1281
1162
1168
1439
1027
1001
1029
1279
1106
1077
1041
1310
1371
1864
982
1024
1106
1184
1162
1194
1666
1297
1216
1642
1753
1186
1120
1846
974
1051
1055
1248
1215
1789
1120
919
1267
1024
1888
1434
1112
994
1099
1902
1059
1102
1006
967
1148
1045
1370
1357
1845
957
892
1279
1281
1031
1880
976
1798
1763
1426
1153
975
938
1049
1176
949
1238
1239
1100
1392
1075
1152
1075
1239
944
974
1124
1337
1000
956
1069
1368
1492
1154
1277
1023
1223
1884
980
976
1839
975
1238
942
1013
1322
958
994
1154
1006
866
1116
1116
1655
916
1745
1301
1019
1235
952
1053
1015
848
1622
1148
995
1021
1231
928
1249
902
1158
1775
1035
954
1900
1033
1822
1293
1519
1198
898
1068
928
1164
1840
1035
1708
1271
1765
954
1061
1184
1475
1781
944
1870
1069
950
2004
1371
946
1209
1390
1509
1420
1728
1035
927
1295
942
910
1150
1045
1146
1089
968
996
1271
1095
1430
1032
926
1231
920
932
1825
900
1137
1596
905
1261
1267
1212
1008
894
1168
1039
1218
823
1200
1628
1789
970
966
878
1231
1051
1394
981
892
1065
1366
1228
1110
1119
922
1718
1015
972
1357
963
1499
1073
1253
1225
1585
1021
961
936
1170
1027
1400
1025
1107
1150
1448
934
1095
1147
1023
1247
878
898
1176
1235
991
1297
1004
953
2170
1231
1257
913
906
1142
1305
1485
1134
1170
1059
1396
1791
1281
926
1662
1103
1091
1158
910
892
1061
988
1013
1013
1287
902
1333
902
1025
1059
1154
1578
1164
996
1244
1808
1501
1116
1806
1775
1160
1339
1848
1049
901
1361
1287
998
1021
1207
1045
1170
1335
1872
1180
1717
1513
1154
1402
1236
1053
1697
1311
960
1856
1224
932
1007
1105
1063
973
1269
934
1359
1299
809
906
1045
1124
1039
1004
1192
969
1161
896
971
1267
1004
890
1096
1012
1093
896
1073
1128
914
1047
858
994
975
1148
949
1378
1277
1029
1118
902
930
1634
1301
896
1027
884
1105
1065
898
1112
836
934
912
1111
1020
920
854
1140
911
1143
1771
954
914
1481
1371
798
1182
1267
1103
1240
865
1033
1176
997
791
1136
982
817
1118
995
841
981
1333
897
1014
942
1079
1013
996
908
1116
1087
926
813
1141
1045
942
1059
1035
1491
817
984
898
871
945
1186
993
1335
906
920
1097
940
1015
1013
1362
828
936
888
1081
964
904
1293
777
1166
1408
1229
1291
964
889
892
1243
963
908
1029
926
981
948
1033
811
930
1061
1015
973
988
1180
1251
1392
1012
906
1035
1186
1026
1121
916
930
1147
1047
1227
1023
1116
1270
1253
1225
1047
1067
1218
1232
1356
888
1009
1311
1406
912
924
1021
1003
894
1024
1289
1261
1343
1262
984
1390
932
924
1268
1013
1402
1019
1917
860
853
1047
914
1166
1049
1255
914
1007
1172
1089
1565
1464
912
1812
930
1035
1253
1033
961
1156
936
1103
1006
906
1253
1184
1652
1376
1021
1047
1386
946
1193
938
926
1200
1366
1134
930
998
1303
1150
1045
1382
1029
910
1194
946
1061
904
803
1226
922
920
1005
1493
1214
1279
884
1569
1836
914
1287
1636
1412
1299
1360
880
1338
904
1188
1123
1033
1213
1174
831
1143
889
1097
1093
1083
1134
1291
1314
908
999
1156
918
1065
934
902
1126
1083
1525
1404
985
1812
1002
1164
1239
1299
1144
910
1199
944
1111
1119
1027
1164
1003
909
1018
1170
1293
1489
1142
1279
1176
921
1077
1305
961
1236
914
895
1410
1494
1106
954
1100
1028
1186
1312
972
1311
936
1176
986
1027
1305
988
1018
1366
1142
1081
917
1221
1217
1041
1222
1202
1027
1252
1490
1146
865
1162
1634
1870
1079
1067
961
834
1547
1164
1297
1218
1051
845
1146
1126
1116
1378
914
1272
1027
1508
1209
1142
896
1140
905
1396
1025
1150
1257
1476
1158
1015
1014
1005
1140
1237
1400
1196
1198
1113
1051
1430
1144
1166
1041
906
1241
908
1150
1186
1345
1003
1285
1015
1092
1174
952
1303
1194
1271
1208
1097
1044
938
922
1251
916
959
1174
1275
1015
1192
1309
1075
1206
922
1084
1495
948
1624
1848
1180
1531
1872
1094
1739
924
1166
1679
981
1521
1341
1289
925
1105
809
1442
917
1120
904
1196
1144
1715
1312
974
1535
1000
880
1531
888
984
1233
1352
1341
867
965
1335
944
945
1560
1019
1041
904
1023
1769
805
1025
985
1156
1360
1025
1229
899
809
1289
1253
966
1065
948
974
1039
1743
1055
1309
932
1205
1787
889
915
1281
896
807
1706
1041
1002
1122
1807
1225
1150
1077
1023
1107
1045
1244
1000
1035
1376
1832
1386
926
1144
1043
1739
1122
1025
1055
928
1129
1817
967
1507
1043
930
1148
1283
968
1037
813
979
1025
1211
1297
784
1182
1303
1543
1327
1310
921
1089
922
1184
1257
1003
1387
944
895
2037
961
1289
1711
1412
1237
1019
1227
1157
1426
1275
996
1055
1323
919
1069
910
1020
1185
1228
1542
1842
1156
946
1624
893
1106
1611
898
1569
915
811
1250
1188
1142
1017
1304
964
1122
1370
1467
1111
1341
964
910
1259
1321
892
1232
1233
966
1118
1018
1013
910
1146
1855
1295
927
1354
1126
1045
904
1009
1442
845
1114
1123
1232
1047
1003
1281
982
1097
1103
1311
1307
918
1237
1045
1045
1330
974
1031
922
1300
1819
1345
932
1489
1355
1832
972
1039
954
1289
920
1109
1152
1051
914
1126
1531
1156
910
1146
1039
854
1561
1130
948
1281
1113
1367
1152
1057
1240
1780
1099
1359
821
1211
1051
1010
1592
964
1642
1368
987
1023
1513
991
1908
1015
958
1183
1390
1048
1053
1309
954
1089
1168
1134
993
1063
1067
943
1057
1116
1148
1025
1346
1844
1001
948
1031
1352
1325
998
1474
1047
949
807
1732
908
954
1073
1288
968
1299
1051
1640
1858
983
970
1323
982
1323
1271
1539
1657
1046
908
1718
932
1199
924
1098
1271
987
1039
1020
1335
1263
944
1120
1742
1297
1381
1644
1075
1162
1191
1206
1109
1111
934
1503
1109
1091
1250
1505
799
1267
1714
916
942
1133
1071
1371
1188
1139
1497
1185
1031
1741
1416
1043
1364
1763
958
1408
1164
1293
1257
1305
1011
1083
827
1236
1838
1283
952
1108
1091
1724
1049
1281
1217
1148
1118
907
897
1784
1535
804
1180
1156
861
1223
1116
1196
1237
1118
1368
1043
1033
1442
902
1153
1279
991
1158
956
881
1192
1196
956
1055
1133
1245
1027
1586
1082
1138
1166
1154
1232
1047
1906
12212
1259
1178
1041
1892
1069
1244
1265
1158
1216
962
914
1218
971
1142
962
936
1150
1070
1333
1007
1083
1132
1221
1146
1374
881
1268
1860
971
1089
1793
1031
1148
1059
1809
936
1007
1200
1416
1154
1412
1011
1396
2080
1140
1765
1509
913
1164
1182
1176
1445
861
1174
983
888
1212
1142
966
1023
1002
1230
1138
993
1162
982
1251
1057
912
1180
1075
1761
1461
890
1047
1449
1794
1382
1113
1266
1319
1071
1345
875
1261
1453
1187
1039
1727
981
801
1073
979
1390
966
1138
1091
906
900
1025
1122
940
1204
1200
1124
1563
1011
964
1140
815
1180
964
1059
1039
1691
952
1265
1175
955
1104
1143
1073
1172
1283
1172
942
1088
976
1162
1168
1575
1137
1859
908
894
1109
1140
1519
1135
1497
1406
1753
1439
1051
1047
1237
1305
1341
912
1303
972
803
1892
994
1551
1130
1152
1160
1037
1162
1334
1373
913
1227
1071
1263
1028
908
1228
1086
1144
1027
891
1103
1235
1007
1121
859
1375
1106
1235
1109
968
1154
1130
1674
1266
1125
1099
1162
1164
1287
1152
948
1810
1049
936
1271
964
1178
1224
926
1141
1381
1329
1888
1136
821
1183
1140
1062
1250
1143
1174
1305
1392
1170
1249
1043
1243
902
1256
1283
952
1219
1317
1129
1243
1085
1150
882
1277
1193
1039
1087
1109
909
914
1014
1234
1025
1195
1448
901
1166
1112
805
1159
1247
1256
1047
1160
1219
1162
1396
1122
1297
1234
1545
902
1057
1029
878
1454
964
993
1511
1113
1422
1117
968
1071
927
922
1289
1097
1126
1257
1033
1263
914
910
1192
1162
1148
982
1006
910
1219
936
1102
1051
1108
1236
1136
1791
1023
946
1122
1174
1228
1237
1728
1388
918
1279
912
910
1153
866
879
1190
1361
1531
1195
1151
1067
1055
873
1168
1077
1235
1188
1045
1074
1041
1644
1028
1289
1013
1124
1099
1030
904
803
1394
1231
1370
1023
1313
901
1894
1363
1144
1535
1416
1124
1150
1232
1259
1362
1265
1661
1878
1113
1140
1239
1156
1186
1136
859
1648
922
1148
1153
1309
1255
1204
922
1168
1010
806
1719
1321
1202
1114
812
1158
1091
815
2098
1065
1253
1107
825
1170
1217
813
1317
1061
902
1152
1115
813
1505
1190
1543
1400
1469
1114
1041
1053
1240
1040
1182
1300
1045
914
1103
1250
1182
1086
1186
1269
1204
1025
1152
1245
1000
1142
1176
950
1029
1047
944
1128
1089
1245
1318
1047
1232
1192
1018
1634
998
1279
998
1243
912
1249
882
883
1192
1131
928
1137
1039
1208
1303
915
1061
1259
962
1200
1251
1019
920
815
1180
1176
1299
1264
1245
894
1109
1213
1132
1104
1171
1535
1043
760
938
988
1265
1329
1010
1725
819
1067
931
1024
817
1045
1105
1260
989
1275
1103
1182
1140
1147
1009
1140
1250
946
1194
1183
1261
1342
1237
851
1535
1195
960
1402
1124
1144
1259
1011
1253
1239
1257
1168
932
1872
974
1036
1189
914
803
1176
980
1108
1061
1112
1210
1214
1267
944
882
1238
902
912
1079
1261
940
1287
928
1239
952
821
910
1128
770
1777
1255
890
1502
1194
1472
1149
1025
1559
898
912
819
955
900
1352
1009
1092
924
1045
1090
1129
887
1013
964
961
1156
1457
1209
995
934
1180
988
1239
1661
839
1134
1162
1255
1485
1091
1648
1564
1495
1219
1083
934
1063
900
1275
900
910
1656
1166
889
1559
908
930
1164
947
1103
1525
1005
1148
1265
1275
1103
1002
1257
1105
1065
1240
1190
803
1495
1234
1134
1097
1020
809
1348
1130
1749
999
896
911
1774
950
1347
1123
1120
1057
1257
1047
1069
1057
1118
902
1251
1001
1672
1513
967
912
1168
1194
1053
970
1127
1242
1156
1102
1164
892
1110
1305
1241
1301
955
1235
1431
1105
952
942
1396
922
1183
1505
1002
1245
1611
1079
974
1005
1025
1039
1049
920
1247
950
1436
1644
938
1483
1888
978
1651
928
1004
959
1126
1004
1112
1031
1109
1144
928
803
1200
2045
1003
1241
918
807
880
1118
930
1368
1044
1117
1206
1152
1158
1134
1532
1809
998
1404
1027
1160
1085
1150
1008
1916
924
1103
770
1013
918
1025
1243
1318
948
1267
1575
1834
1047
962
987
936
1607
1089
1005
904
1090
1227
890
1788
1116
901
1215
924
958
954
1162
1124
1247
926
964
1103
1009
1507
1000
1079
1057
1783
1445
1273
912
1844
1031
1222
1266
946
1087
1112
1009
1809
1000
760
1142
1140
867
1067
1279
1592
1073
1012
1111
1289
1019
1275
1132
1257
1059
1218
1045
1225
940
1051
1369
1031
1182
1004
1392
1156
1400
1295
1011
847
1194
938
956
1277
940
1130
1097
902
1640
1131
946
1245
1001
1572
906
1259
1441
936
1136
1456
1126
1049
1212
986
932
1112
1061
1074
1013
1204
888
900
1111
1551
1058
899
1241
1289
994
1578
1025
1741
1517
1523
1789
1059
1788
1789
976
1239
1733
1073
1693
1071
1279
1134
916
1346
877
1109
1164
1114
1300
1100
1523
1293
914
1388
1154
1251
1229
968
1277
849
1064
1453
1096
911
1170
1573
1250
950
1076
1162
1747
1607
1143
1140
984
924
1582
1084
1533
894
1093
1112
1747
978
773
994
1271
1116
807
1099
1160
1763
990
902
1210
1148
1779
938
1335
1049
958
863
1208
987
1091
1354
771
1291
1007
1287
1202
1920
1386
1077
1242
1037
1100
1610
938
1203
906
1365
1769
817
1501
892
1015
1224
926
1103
865
1186
1136
1128
897
1047
1025
1011
1188
1249
1239
1202
1143
1169
1152
1057
1295
1672
1055
1053
1271
958
1007
1184
1209
833
1124
996
1017
1187
1041
1765
944
1160
1043
1085
1113
1241
1259
900
1170
1761
1156
1430
944
1241
1014
1325
1170
799
1160
1102
908
1057
916
1210
1204
1043
1559
1044
1457
1065
1437
813
1531
1432
890
1209
1006
1624
878
1147
1162
1255
1150
1119
1121
1065
1287
1315
1035
1100
1265
1505
1055
1202
888
1079
1156
1024
1162
1267
1156
1067
1416
759
1088
1007
1239
1501
1124
815
1003
1138
960
1122
1027
1947
1007
1142
809
1116
797
1245
1063
960
1172
897
1255
797
1117
855
1136
932
1253
1180
900
1035
888
1112
833
1220
1154
1113
1023
1599
763
1278
1045
1166
1116
1017
984
1079
972
930
1226
1234
891
1021
1018
1010
809
1092
972
954
983
928
929
907
1125
1364
1172
1138
764
1670
1170
1166
1233
918
1117
813
988
1009
1117
819
955
1120
932
968
942
1155
802
1076
916
1096
1239
1009
1266
813
1118
898
1130
990
1065
1240
1100
985
901
1256
1650
1182
984
1025
1168
764
1081
910
936
1013
1114
805
1105
817
912
1134
977
1019
1007
1128
1015
1481
942
1184
1248
942
1232
1003
1162
984
1160
934
1079
1114
803
1120
898
1122
839
1234
983
900
1018
759
1160
906
1267
1182
811
1117
1017
1192
946
1065
1125
779
1275
942
978
1120
1541
1071
1164
1462
1434
926
932
934
1172
1134
973
1027
1138
1043
1126
976
1075
1243
1373
1939
1180
1212
1120
1154
1158
1057
1150
1107
1257
908
1043
1154
944
1099
1106
1141
1111
1186
1311
1138
1261
1219
813
1124
1267
956
1265
1352
1634
1122
889
996
1114
1230
1164
1685
1140
1136
902
899
1033
980
1126
952
1120
1049
1023
992
902
1144
1164
1174
1041
1118
1269
1049
1225
1178
1003
1128
1035
1113
857
978
1398
1152
1150
1112
813
1265
1049
1069
1249
1495
1141
775
1793
1016
767
1549
1667
1509
1211
1053
1217
1166
908
955
1031
1154
1059
833
1444
1168
994
1090
1193
994
1237
1436
1031
1785
1140
922
1384
932
1150
1059
807
1216
987
1068
1154
1015
1118
1279
1069
1264
1222
1382
1487
1249
1406
1771
1067
1219
1231
835
1793
1241
944
1400
1053
1269
1470
1455
1738
978
936
1063
1014
1083
1049
978
1234
1003
938
1146
1550
1045
1664
1388
1055
1038
1055
1071
930
1014
1537
1733
895
1151
1041
1124
1178
1259
1163
1858
906
823
1097
1120
1168
1112
1470
1009
1256
930
1180
1157
1571
1153
1057
1051
924
977
876
1426
1126
1214
1246
1245
948
966
1236
1475
1261
1014
1122
1049
865
1843
909
889
1043
1043
1285
1433
865
1219
1662
1306
1110
1271
1241
1263
1212
916
1263
920
1212
924
1118
1057
1137
1085
1102
1224
972
1037
972
1307
899
926
1134
904
1035
1122
1209
897
1254
1214
1077
1255
910
974
1160
999
910
1160
1117
903
1005
1014
1039
1150
913
960
902
1699
803
1077
902
1021
918
1037
1075
1027
942
967
1178
1013
1093
1019
1184
922
1240
946
1138
1072
1005
827
1111
1009
988
981
1181
908
1001
1110
920
1108
984
1253
1255
988
1007
974
950
1015
992
1162
1122
1047
890
1027
815
932
1116
1041
918
1039
831
1160
896
1176
1255
1184
860
1144
1271
1172
950
1285
999
1195
1182
908
1124
1182
889
1271
1088
1101
1063
894
1117
973
1009
954
859
1137
972
1200
881
1118
926
906
1118
950
916
1113
1249
821
918
1114
902
1122
1038
1738
963
1295
1111
1085
1176
858
1113
1158
921
875
1255
1037
1127
921
1014
1172
899
1217
1214
1210
977
1315
1020
991
1228
1541
1359
1166
1314
915
1178
1144
1150
1248
926
1025
1259
868
1152
1211
1277
1138
994
1023
1045
982
1007
1086
1017
922
1259
872
853
1315
1172
942
1112
958
1017
1259
1003
1327
1247
898
928
1063
774
1289
1186
928
1257
985
1703
958
1128
1427
999
1111
1255
906
1142
1174
906
902
1832
1322
1277
1029
1260
990
1180
1229
1112
1291
971
895
1124
886
1402
1480
999
1197
962
1016
1020
949
1007
1168
942
1287
1123
1293
1121
847
1249
939
976
1050
1023
1241
873
993
1105
930
1125
1203
1026
1106
1787
1285
1446
813
1142
1279
1263
938
1131
963
1132
964
964
1109
950
1047
1392
1015
928
1386
1186
1033
1254
1021
1775
1250
1014
1277
1043
999
1345
988
1281
1029
1291
1188
1188
1198
1038
1199
940
958
1277
911
1256
1000
959
887
1113
1485
1266
1109
1086
1009
1077
946
1709
1114
938
982
1200
970
1551
1100
908
1333
1194
1809
1031
970
1568
1105
1114
1111
912
1105
900
1202
1014
958
1243
1388
1119
904
1075
825
1267
1120
1063
1125
1063
1103
964
920
811
1192
1003
1150
910
803
987
1289
1017
1134
1033
1295
908
875
936
1172
1033
1232
1174
997
1116
989
1248
1045
1263
1041
2041
879
1700
908
1168
1213
967
1138
1852
908
986
1270
1012
1202
1035
1073
1299
895
1190
1863
910
1208
1007
1215
1269
884
1087
1338
876
1106
1106
1027
1053
1235
979
1299
2268
1314
1712
1120
1015
916
1842
986
807
1057
1005
1035
1035
1263
1131
1372
1125
1087
900
940
1210
995
1285
1180
955
1113
895
930
928
1599
1338
1206
1777
1010
1382
1098
1182
1570
1561
924
1279
1473
1652
1253
1057
1786
1336
1567
837
902
1787
1487
1111
1111
1134
1269
930
904
1204
1365
1360
1130
1424
1202
1041
1249
1431
1198
1137
1196
978
1602
1020
1598
1596
1115
1402
1807
1009
1342
1211
902
1033
962
1063
1195
904
1205
1400
1130
1868
1285
1673
1372
1079
1174
868
1839
857
1047
910
905
1230
940
1166
1442
1172
1374
1642
1352
1739
1014
1410
1220
1076
1031
1204
861
1154
1551
1067
2449
1428
1416
1233
859
1080
934
1013
1289
942
1014
874
930
1297
1457
1174
1242
1406
1069
1503
1634
960
1257
1458
1383
1429
1371
1634
1707
1570
1201
1472
1515
1535
968
1503
904
1161
1430
861
1196
912
940
1547
1307
966
1437
1620
1451
920
1011
940
1168
1055
861
1097
904
1023
988
1356
1213
944
993
985
1327
991
1216
1406
1319
887
1491
1007
1317
1398
1716
1815
1563
875
1040
1039
984
1199
1132
1053
963
1026
938
918
1118
1265
1084
1380
1019
1084
1019
1267
1393
1394
898
1162
1063
1406
986
958
1507
1759
1257
891
1243
1033
1053
1041
1384
1103
976
1132
1033
1868
1801
1501
1103
1261
1886
1723
1782
982
1119
1679
1271
904
1253
1197
1134
1257
1769
1410
934
1098
1096
1225
954
1067
932
1029
992
1392
1381
1613
1574
1004
1285
1398
1816
1840
926
925
1075
1767
1598
1304
1063
1101
895
1093
1360
1078
1051
1297
1733
881
934
1133
881
1190
916
1085
874
1001
1370
841
1220
1786
1509
1319
1508
1888
944
1057
1223
1231
1071
1003
951
1458
946
1038
1213
1118
1269
1246
1168
1319
1045
1372
916
1656
1311
980
1218
1820
884
1228
855
1017
1240
979
895
1287
934
1269
1176
1128
984
1022
1134
1287
996
1020
952
979
1033
1844
1259
1235
1305
1299
1759
889
1101
1116
1033
927
1372
932
984
901
913
1231
1562
970
1111
908
1239
1313
926
1164
970
1004
1414
1525
1590
1071
1007
1198
1773
1017
1459
821
1160
948
775
859
1168
1874
1781
1870
877
1164
1009
823
1141
1931
1020
1565
1098
791
892
1140
984
1805
1400
1281
1172
1018
807
1053
900
1007
891
930
948
1144
1215
1166
1230
1475
1828
1122
1055
964
1711
1703
1227
914
1061
967
948
1039
977
1305
1114
1921
1053
1291
1420
1053
1138
938
819
1122
916
954
838
953
914
1416
1544
1166
1027
909
986
1180
841
1045
1003
759
1037
1344
1213
914
1489
1346
1089
1057
965
907
1019
1021
801
930
1027
955
1412
942
916
1400
1376
1013
914
856
859
1277
1160
992
1021
1253
1015
1203
1128
1009
1440
1580
1162
1519
982
926
1217
1047
1114
992
990
767
901
1047
776
1628
1450
1049
1154
1333
908
1227
1051
1136
942
1673
1035
1065
1235
1539
1378
1557
1237
900
1418
819
1051
898
1156
1132
920
1154
1253
1557
881
1473
1248
1137
1317
900
1268
1737
1178
1350
1117
1361
1414
942
940
1273
1102
1679
1334
1291
1178
1016
975
853
1416
1549
1394
1061
1838
974
1582
1725
1208
1448
1503
1031
964
1493
1513
1180
1009
1095
1152
863
1223
1894
1402
1698
1452
1049
1013
1035
1317
1055
1257
1134
1295
1243
924
1285
1152
1275
1453
1551
1196
1144
966
1221
1146
967
1372
1856
949
928
2042
1065
1072
1307
1422
1493
1804
1944
954
1609
1102
997
994
910
904
1025
1291
1045
1267
1117
1211
1128
917
1376
1035
914
1047
972
1132
1218
983
1241
938
1140
1519
1644
1304
1592
1469
1196
1428
1333
855
1140
1531
1021
1398
1023
1562
1108
1192
1287
942
1245
972
1079
1085
1003
823
1112
1132
943
1599
1112
1339
1049
996
914
1069
1180
903
1218
1033
1043
974
865
1041
930
1362
914
1154
1878
1110
898
1176
1261
1307
981
1043
1265
1864
2937
1594
1628
1609
1813
1116
1194
1170
1067
1228
1281
1041
1253
1008
1065
1045
1369
918
1253
1740
1301
958
1541
918
1084
1001
1235
928
1242
938
976
916
920
966
803
1109
1037
889
1105
1154
902
1230
899
1008
902
993
1047
1204
1200
904
1075
1297
1002
1410
1535
1232
1537
984
855
1313
1729
1536
899
1188
1123
910
978
912
867
940
871
1077
1202
827
1055
888
1299
884
1021
993
817
932
1016
944
1197
1330
1190
1196
1249
908
856
1194
1255
1596
2326
1279
1452
1007
1275
987
1239
833
1035
1194
934
1190
1039
1293
1018
1245
1229
1201
817
1155
1305
1005
890
1230
920
1253
915
1255
1148
1141
1056
1168
1004
1271
1128
1701
1116
1013
1146
984
1267
1203
1513
1480
997
1198
2068
1121
1183
900
1362
1652
1168
1282
894
1162
1515
1168
886
1285
885
1186
1402
1666
973
1357
1781
1081
926
1357
1482
1049
1830
970
1204
1862
1259
1781
1219
1321
1065
1331
882
1273
988
1882
1328
911
947
1261
1707
1285
1718
1089
1314
1684
1355
990
1150
1069
1230
897
1176
1267
1364
1206
1507
2019
1210
1527
1176
1382
2070
1238
957
1281
1007
1398
1162
995
883
1280
1969
1702
1212
1245
1205
1386
1852
994
861
1261
930
980
1930
1150
1452
1348
1414
1310
1243
886
1216
1219
1013
1414
1879
1491
1842
1329
904
2229
1244
1446
1487
1406
1214
1087
1729
1057
1259
1759
922
1525
1194
1420
1358
1321
1684
1092
1289
1309
991
1394
898
1190
1172
1188
1321
1329
1224
1225
1456
1737
1168
1674
1314
1279
1137
1152
1043
1140
1057
1151
1577
1273
1802
1918
1448
982
946
1301
1045
1140
1049
934
1063
984
1227
1281
1614
1483
1799
1009
1180
1089
1075
1483
1271
966
1017
1481
934
980
1307
1161
1527
2276
1848
1111
1589
1212
952
1115
1019
1159
1132
1046
1345
1146
1041
1654
1741
1083
1013
1848
1882
1249
961
934
1265
1335
851
1743
981
1275
1279
972
1004
946
1195
1065
1040
1212
1203
1224
2056
1271
998
956
1315
1636
886
1059
1147
942
932
1400
987
1012
1108
1089
1197
1075
971
910
1559
1184
1925
1618
1727
1273
1016
948
1368
1033
1170
1188
995
1301
901
1537
1247
1005
986
1186
990
877
1120
922
1015
1162
1009
936
1115
1148
952
1394
1009
1051
936
1442
1540
1230
1287
1045
814
1475
1123
948
1174
1154
1204
1010
1601
1420
1761
1275
1215
1317
918
1902
1073
1040
813
1146
1245
1370
1573
1289
1424
1033
976
910
1367
1164
1154
1009
1184
1293
1874
1804
1277
1773
985
1041
1174
1039
1851
963
1136
851
1114
1273
940
936
958
1824
1676
1043
1537
1192
1354
1704
1033
1242
888
1265
1285
1521
1238
1285
956
1366
1749
968
1479
1746
895
1295
1212
1131
1739
1067
1047
1057
2080
916
1150
1745
1068
1709
1033
974
1006
1104
1146
1283
918
804
1527
1145
948
1404
1156
1271
1192
1537
1065
1142
1376
1049
1016
952
1182
1200
1123
1505
1404
1232
1218
942
1393
1025
986
1957
1134
857
990
1866
1589
1208
1614
1327
1479
971
1501
1212
912
1071
1055
1179
1144
1135
1210
1305
1178
936
1251
1295
999
1464
1424
1190
1176
936
1114
1178
1263
1134
1210
1198
1127
1316
1212
1015
1379
1144
1465
1156
1648
1091
1176
782
1187
1131
1679
1432
1093
1210
1920
1250
1187
1450
1331
1256
1465
1045
1001
807
948
979
992
946
1404
914
1143
1319
1112
1002
1056
1031
1220
978
1223
1013
1009
967
1394
1822
1556
1075
1590
880
1202
1180
954
1121
1038
1022
1021
1174
1103
996
926
1428
1525
1252
928
1287
904
904
1188
1118
1264
1420
972
1014
1642
1293
1257
1172
1125
1182
1156
957
978
1291
1102
1259
1320
780
1477
1105
1207
1215
1005
1031
1299
1202
906
968
1033
1121
1108
1182
928
1684
1136
990
809
1164
1031
1035
1107
910
882
849
1117
1030
1149
1039
997
1081
1013
1324
1426
994
1554
1188
980
1437
1059
1616
962
1297
1184
1298
1105
1130
1038
1235
1035
1012
1000
1277
1017
851
1017
1035
1120
1183
1157
1216
1372
1543
1285
1027
1011
1386
1208
1501
1421
1224
995
1269
928
902
1274
1117
1207
1150
1450
1011
1272
1133
1006
932
1305
1146
1138
1480
1277
1690
1105
1119
1453
1172
1392
1164
1156
926
1132
1293
1252
801
1734
1028
1693
1324
1151
1232
1569
1908
1025
1523
1035
901
797
1120
920
1049
1413
1237
1146
998
1654
1327
1263
1013
1200
1190
1682
1259
1197
819
1239
1228
1144
1045
1129
910
1110
1499
1239
1313
898
1188
1213
1491
1099
930
1307
981
1039
1624
926
1362
1266
910
904
1027
944
1149
1077
1295
1787
1511
1128
1345
1122
919
1954
1178
1095
1226
1456
1162
1257
948
1110
1445
954
1256
894
1213
1493
1247
888
803
1242
946
1489
1590
1069
1221
918
1398
1006
1003
1329
1531
1376
1131
1065
1517
886
1237
1029
1022
1384
1374
1002
1045
1300
914
1343
1000
1248
2681
1420
2734
1616
1378
1674
1430
1728
3114
2516
1138
1172
1600
2685
1959
1735
6461
7281
5351
6786
6275
6915
10218
16749
2858
2074
1848
2219
2175
2241
2003
1658
1330
1825
2608
3609
2155
2747
20418
59484
14608
9267
2999
13784
12636
13334
14106
3024
5468
5713
5193
13590
8998
3115
2984
17403
3676
4493
2935
3796
2342
44488
3901
2933
9646
10504
10328
14006
8332
9183
15533
3476
2209
1974
2322
1475
1219
1206
1277
1255
1318
1424
14508
7513
2513
3133
2666
12525
13808
21717
30488
29478
18335
5882
1735
1273
1895
2074
1722
2088
1342
1608
1207
1259
1112
1376
2104
1190
2441
3091
7506
18609
15252
19067
4861
10159
15222
5461
2510
2332
2013
1386
1435
1866
1580
1505
1660
1527
1201
1565
2143
3494
1244
1531
2057
5515
2266
10242
11115
2735
1511
1539
1745
1589
1455
1262
1670
1479
1505
1537
1457
1424
2239
1588
1695
1614
1596
2483
1842
3343
1615
2286
18637
2818
21623
17761
12182
4619
4204
2138
1430
1418
1834
1389
1462
1285
1569
1475
1061
1206
1121
1382
1597
12394
9876
3742
2480
2281
10407
6360
8438
1961
1047
1244
1164
2239
1726
1114
1176
1394
1632
1440
899
1334
1275
1457
1380
1670
1257
1418
1844
2046
1621
2348
2364
11956
6623
5045
1018
1220
1031
1281
1100
2013
1410
1289
1305
1293
1071
1420
1116
1301
1031
1184
1311
1307
1804
1225
1051
1474
1396
1692
1692
1698
1460
1485
1386
1162
980
1083
1628
1244
1182
1337
1336
1037
938
992
912
1156
1201
1207
1013
1043
1251
1257
1196
1226
914
1823
1384
1622
1676
1008
1305
992
1388
1053
1971
811
1133
1247
1656
1421
1365
1862
1134
1527
982
946
1277
857
1069
912
904
1841
1134
1142
1222
1305
1063
1366
1204
964
1269
1186
1535
1811
1124
952
1249
1021
918
1239
1139
1461
976
1277
1402
1100
1755
1556
1010
1077
1174
823
1521
1314
1112
1535
1055
1178
1067
1170
1254
1007
1225
1214
1414
1025
1075
954
1372
994
1069
1037
1650
1025
970
1285
1235
1192
1133
1444
1039
1039
914
1208
1053
1285
1174
851
964
1190
1031
1207
1170
1274
1309
1796
809
1124
811
1094
1026
1172
1289
902
1134
1253
861
1267
868
1301
1043
1283
1262
1057
827
1156
920
1121
1279
1047
1185
1013
1085
899
1200
845
946
1111
1478
904
1158
825
1059
956
1192
1055
1271
1042
1035
1043
1244
986
1073
1178
1210
1438
1023
815
1143
990
1168
1126
1613
948
1023
1427
936
1192
906
1102
1010
1045
1196
821
1166
1293
1732
1309
1543
1196
860
1002
1092
1094
1291
1559
1027
1144
952
1156
1120
1220
1168
1198
1017
807
1513
1321
1747
1133
1164
956
813
1431
1181
910
918
1049
1446
918
1255
940
997
944
1184
1146
986
811
1297
860
1307
1138
962
892
952
896
1430
889
1416
1759
934
1340
811
1291
1146
1087
1155
960
1051
1037
1172
1452
962
888
946
912
1259
1037
1000
906
972
1059
1770
1444
890
1158
1547
1055
1194
1101
1192
944
1023
809
1287
1471
1172
1021
1124
811
1340
916
922
997
981
930
924
914
1233
1012
940
1297
1045
942
858
1291
966
1203
839
1059
1166
900
1204
1028
944
924
1505
1291
936
938
1400
1307
1242
1776
934
1747
1803
972
1133
1717
1006
1652
1698
2054
1686
974
1400
1118
1107
986
1273
1016
1297
1477
1190
1031
896
1783
1164
1001
1386
1220
1132
1939
1236
1170
1172
954
1315
1477
1334
934
1039
1000
1453
1902
1202
1775
1051
888
1854
1747
891
1543
880
1259
1311
1491
1172
1185
1829
1133
1881
1217
1132
1777
1166
1051
1333
1500
1279
1190
1553
1773
983
1565
1737
998
1065
1132
1067
1023
1065
1106
1268
1606
1696
1057
861
1767
1743
1408
1555
952
1214
1077
1398
1144
1051
902
1749
1582
960
1240
1083
1864
934
1442
1297
1011
1115
1168
1475
1268
1049
1559
1708
1335
1087
1222
1636
1082
1493
1345
1047
1775
1150
1174
855
1093
949
1285
1045
1654
1353
1011
1043
1414
1462
1164
847
1049
1431
987
962
1051
1130
1769
1182
1035
1735
875
1185
1207
853
1108
1020
1527
1107
942
938
1269
1047
1602
917
912
1533
819
1478
1205
970
1329
1321
1049
1545
1755
926
1184
1069
1226
1315
1043
1057
1043
1297
1440
917
1077
1345
962
1388
911
1142
1293
1309
1094
1539
1279
1313
1114
1445
994
1245
1268
920
956
950
1324
1045
1838
974
1279
1051
1598
1063
986
1781
1021
1775
1251
1757
1553
1793
1043
1033
1037
1184
1196
965
1842
1487
1608
1178
1161
942
1299
1067
938
1006
997
1057
1305
1053
1025
1051
932
1140
1031
1130
1634
2096
1547
934
894
976
936
1059
1325
1299
1011
1727
1317
1174
1783
1007
1372
908
1352
2146
906
1297
1214
1386
996
930
1283
920
1539
916
977
1331
1039
1051
920
958
1079
918
1117
1030
1392
1047
1004
982
801
1204
878
954
1061
869
762
1519
1731
906
1149
1099
965
1015
1755
1180
1009
1168
1029
1504
1009
1137
1808
900
1112
930
1549
969
1806
1372
1168
942
1176
1105
1329
1127
1430
877
1068
1154
1311
928
1170
1043
984
1267
920
1392
1445
1243
900
1076
901
1759
906
807
1452
960
1096
1114
1319
975
1039
1123
902
1005
1152
926
1299
996
1100
924
1253
984
926
1090
1309
1040
1220
1882
782
1225
1444
1151
1172
1039
1390
1086
1062
1220
942
1203
1267
1051
1351
912
1450
1287
1098
915
989
1112
1230
942
962
1077
914
981
1289
1031
1047
1049
1400
916
1150
1104
1111
1316
1212
1019
1135
1668
910
956
918
1043
1295
918
1033
1115
1269
1154
1275
924
1172
1142
1045
1310
1166
1194
1148
950
1017
962
1205
1307
1275
899
1178
1111
1103
1410
912
970
906
988
1264
1043
985
986
1025
1254
1009
968
1005
1146
1075
1061
1150
1325
1007
1442
1009
1011
1011
990
1057
1130
1253
964
1017
956
1162
1291
957
1533
1287
1162
1009
954
1142
1026
1093
1031
1121
1045
912
978
1303
1225
1313
1174
1122
1190
1015
1502
1098
1017
1015
1201
1128
1019
1182
1194
903
1150
1456
919
1104
926
961
1212
1110
1134
1156
963
1265
1206
1446
989
1574
4771
5622
6035
3091
1793
1234
1353
1689
915
1252
1174
1249
930
920
1173
1005
1049
988
1021
1101
1325
987
1266
1075
1067
1656
985
1297
1295
924
1027
932
936
850
1335
940
869
1859
901
1250
920
906
1180
1059
1111
1015
936
916
942
1035
934
1432
1158
1061
1152
905
1154
1334
1251
1088
1011
982
944
968
1081
1172
1116
1021
1285
881
996
908
890
1124
1352
915
1047
888
910
1017
1430
1209
1166
926
990
950
857
972
1138
1243
947
1137
1178
1083
1192
992
907
1267
1027
1006
1114
1037
1247
2077
1162
1111
936
1394
942
1001
1148
946
1511
1191
1186
928
1136
1186
1096
1091
1134
916
914
934
960
914
1271
1324
805
1083
934
906
1527
1297
1148
1204
992
892
1140
946
1180
1150
1053
1311
1031
1114
1107
964
1122
1051
1261
1172
1491
1021
1015
1121
1206
1454
999
940
1104
1176
1503
1775
1152
1119
1255
1017
1123
942
875
1622
916
1547
1156
1268
1121
1307
1190
1132
889
1174
1002
916
1118
995
1208
1111
1178
1190
1005
1142
1271
920
1273
916
1152
1340
1087
1128
858
762
1287
1176
993
1634
940
1479
1138
870
1116
1204
912
985
1037
991
922
1263
1197
934
1411
1666
2784
1429
