27828
40619
77799
44948
30079
29010
33242
36429
27350
30980
28641
27138
27812
26581
24957
27566
285672
29131
43688
43707
43651
57622
34142
82717
45029
102347
44837
29599
32760
31475
28956
32381
26408
39126
43311
46249
31967
33662
41812
35153
32689
28853
35245
31638
28730
29452
29964
31701
28651
46941
45630
41184
33401
33829
34683
37468
31330
49708
30747
57929
31681
30633
31036
31346
30386
37553
132964
43881
32669
31721
35489
33967
29936
27136
26987
31401
28735
28159
28100
42221
42396
44141
40803
45683
31043
44696
38785
61019
34409
30616
33607
43893
42048
26335
27372
28252
28986
43887
47575
36061
36623
33954
32131
30027
36587
29113
29585
26886
29218
31270
29463
31031
29564
46324
43760
42082
32579
45831
489919
67198
46049
44793
39322
32030
28839
28068
29462
26640
45388
43452
46825
34293
35957
31924
75170
47232
43522
38953
33629
32510
28090
27406
27935
28478
43968
48531
36320
35234
38257
38955
27673
28961
28102
31207
27858
28316
26866
25570
27037
27774
37566
61316
33141
31651
36294
33303
28957
25958
26285
27937
26396
27031
27100
26876
27084
27297
44875
44904
31622
33988
40305
80336
26842
26934
25915
27459
28447
35051
29308
26386
56035
55377
39328
48995
40912
45793
33662
83082
33395
36993
32264
33448
30424
45948
27811
27606
28855
43483
81763
43169
33367
36779
36008
35935
27596
45652
26807
29767
28302
28877
29607
28142
28876
41015
63316
37158
34921
36714
29569
31540
30894
34947
31164
33896
48894
29793
48285
30125
29577
44587
38598
42662
62167
36461
34846
37972
47956
44914
44859
43298
29494
34835
30436
29304
41519
42848
53951
44081
31703
35282
32322
33214
29370
28534
29857
29546
33401
33833
31414
30282
27675
43510
46820
43624
49334
45920
48210
59308
57495
43821
29540
29831
39070
31419
29817
78802
46637
60041
44716
34442
35846
33669
33992
31830
32006
30615
32806
31856
33069
33002
30319
40314
41339
53310
53260
41198
42448
36379
36676
32288
32374
31703
32740
29633
28163
30702
30513
30719
1951294
75836
39292
35273
34259
52546
31483
31549
31201
30184
31105
30852
31701
32199
30190
31177
31522
48259
41644
34127
32447
35707
33391
31691
31134
31228
31136
31945
30852
29631
30412
30507
30036
73978
47786
47376
36690
34463
31416
35275
47627
92452
49705
38184
35600
29766
28300
28207
28608
46814
67569
39655
27642
34352
30599
30837
30983
29476
30301
29874
30698
29341
29179
29440
28980
29680
43734
102972
36383
32056
33956
31380
31048
34047
31227
32669
31689
32802
86727
31179
29800
30701
40101
38784
53223
30140
44264
32056
35794
26874
26115
27896
26323
29976
26882
27235
27188
32933
53971
50470
268969
43885
33712
33171
46445
29860
29226
29577
31863
27951
26238
27017
29508
27576
40603
49162
49396
43219
49197
70666
34694
31190
34214
27723
28076
27243
25048
36012
36922
74808
155987
40157
33247
35766
31790
30252
30923
30585
29660
29621
30606
31156
29292
30440
33502
31854
36909
43843
41708
34495
35219
31680
32693
42616
37831
34410
42969
35158
34190
55781
32288
36466
48672
73774
39092
38778
35239
32824
29353
30622
29746
30902
31027
52527
30853
30789
32005
30759
38415
152541
39944
33167
37085
32619
33071
31017
30798
33247
30239
31875
48262
29436
30416
31039
31047
42886
42074
43613
33908
34542
32187
36052
33264
32011
29889
32447
30005
32443
31144
32933
34622
40197
50544
44851
37027
49037
34812
40049
32064
32679
30765
29355
29556
29821
40875
29653
30263
28994
42678
42147
33684
37642
32604
31999
31221
30862
31467
29855
31468
29938
30230
30446
31903
31443
40124
68845
48212
39017
30404
29115
28895
28520
26582
29377
29901
31049
28871
28576
28722
29528
27065
44027
49539
35257
36835
29169
27624
28098
48057
48995
44781
30866
35188
45575
28427
30719
30654
94821
41961
104515
51647
54106
36196
34214
34495
32911
33226
31475
30454
54772
33416
32302
40549
41571
34830
35778
33442
34146
36034
28744
30525
30874
30924
29664
31749
33993
32161
67126
39005
42229
42786
40587
32748
29303
29137
27259
24982
27574
27321
28257
27255
26181
33305
33654
51162
46593
96759
44698
37660
42738
46826
55906
31921
32423
30275
30914
31503
54986
30025
31941
32810
48852
43369
37898
32025
30965
31051
31175
33750
31352
30686
27840
29833
29440
27753
30672
33367
38253
40238
42258
35100
37759
31811
32403
32241
31733
30581
30775
31600
32189
43849
31124
33660
32605
133800
39869
42396
35558
32601
31061
31671
33020
47198
50177
39346
42911
34245
39229
33549
30164
47812
114112
43867
44435
30547
29992
27755
39619
27477
48371
32956
28921
29209
28027
31322
29523
65580
48350
48984
35994
34573
30924
32139
32873
30580
28936
29933
33123
28907
29920
32082
31682
29034
42025
83889
37940
30140
29978
26610
32474
26036
27528
25130
29385
27991
26150
29117
36760
39686
52725
50742
44131
49630
29782
38094
34368
35782
45245
31853
40266
31071
31479
30507
28439
91855
44954
35941
31416
29988
29805
29307
32722
28934
29195
33696
29601
43283
29936
33626
35643
44341
50949
45652
35616
31717
32801
33650
32746
41733
28318
28994
29328
36606
30800
31370
32316
71990
92428
54288
37073
32955
32395
31197
35185
40197
63445
36707
37926
54931
36074
33143
31098
81712
53465
39798
34304
39243
36054
32913
32857
31181
31757
31943
31265
31155
35209
36403
31617
37763
65865
66728
35203
32712
33010
32881
31231
46219
30406
31322
30025
30914
30965
29335
29652
31550
98381
41402
36028
31807
57157
45781
34372
29981
30803
30925
30773
31235
30505
31268
31639
37819
52166
49027
45024
48826
38364
42215
35159
33218
33646
31822
31630
31239
30811
29470
30015
31812
39579
129561
44173
34465
29403
29514
29020
27186
28457
27417
38157
46645
27949
26430
30118
26779
39653
54042
39883
31009
27055
31618
31943
26686
26194
25861
28213
28915
27479
38592
41979
40940
69847
49557
46437
50126
35675
35257
34705
53033
43731
49021
43417
35978
52457
36389
130654
53090
44711
33456
31449
29760
45604
31069
28831
27935
40954
31679
29724
30704
28274
34618
207060
52180
46742
35153
48374
29190
26660
39784
29280
27177
27048
28956
33868
30190
28963
28564
29504
44127
49768
43393
33679
31776
29998
30186
47833
55581
30848
30333
30894
30824
33861
29562
30644
33855
51948
52997
33388
51258
31291
117819
32514
29416
27458
29246
49840
36995
31830
32951
39090
93285
49053
33613
39693
31749
32512
32984
31640
28808
29515
35724
30736
32585
27082
38273
40548
47184
55672
37067
35403
32647
30432
31271
40139
31298
47847
31174
32765
32262
30367
32946
31909
45838
119100
42410
67581
34374
35151
32790
33280
45658
109988
41443
37643
57964
33904
32691
95536
110768
43504
33337
31112
30054
28246
29621
31017
28639
25730
27073
29381
28969
25248
25703
28506
54821
41481
36272
33277
36582
32173
33325
32233
30482
31548
30418
43155
42785
101269
40256
50873
44504
51190
44648
36613
31481
28363
29647
28245
27947
38223
30061
30923
28108
26919
27358
51022
52951
50998
49639
50038
70501
34846
50816
32450
34527
33991
42452
39010
32919
31491
31386
40365
108768
39681
32530
34023
30481
32115
30505
31527
29393
34753
46366
32863
31745
29934
30288
59500
97766
41658
33551
32679
32972
29613
31459
33866
31146
30535
30906
35814
31982
30636
30585
30063
39703
41336
41830
37967
35291
31959
32409
31211
31717
40506
40062
32841
50277
34142
34983
32580
40569
52428
61673
35532
34275
43719
33053
34126
32179
31431
31362
33694
30961
31118
30229
30949
47958
43994
40556
34701
29972
32260
30257
30170
30695
29432
29933
32437
32813
34182
31524
31054
39706
46802
42280
36459
33062
31850
30830
60959
28764
29674
29696
28730
48210
31380
30412
29591
27967
44450
90007
97360
48377
36492
35677
33789
31060
32211
30617
42278
40815
28631
27570
44347
75303
43219
35864
35207
32012
34695
31493
30961
29103
30033
35949
42897
40018
59200
43875
41095
48717
173188
58734
33190
32526
32661
35700
39762
41426
29605
30632
34515
26910
39282
29099
48142
47700
47131
33117
54659
46279
31188
30036
35377
49997
43115
44442
50126
36054
31891
45046
53762
47536
33781
33476
31548
31431
31390
30888
34973
30787
46437
27717
30382
26374
27241
43530
47383
39891
36030
29206
28514
27862
28520
28847
53935
31001
28945
46223
32339
30561
29779
65356
48226
44672
38731
33801
34051
30991
30017
49927
32006
30492
28764
39955
35530
30927
35314
45803
53594
47635
55301
30814
50903
45918
32574
41061
43028
43040
49293
42309
42588
46905
48277
51052
60796
43419
48246
47669
58302
47221
49596
42725
76448
47385
46909
52403
40137
49671
45519
43042
41608
46727
44042
39988
45607
51641
45235
41892
50251
35427
37307
50752
42451
46615
33680
34444
34581
33077
31293
29958
46207
48139
29248
46665
49667
41882
40548
154555
44028
33974
34378
32950
32502
31312
40804
33851
38624
46269
88081
42727
38987
34410
119572
45130
28667
25551
24981
25316
26224
34948
30426
29220
32036
29359
28020
34031
53637
30771
40732
100925
35753
31324
29444
29828
29341
30347
30116
29771
29361
34063
32895
31310
40928
32675
31521
37789
40914
40583
33113
43149
35270
32135
38439
28484
29091
33513
32532
29006
37277
31109
33265
39775
41220
32978
32812
30848
30874
30727
30383
31251
31401
34675
31368
29506
31624
35459
31883
41063
51255
41401
31036
26686
27138
27469
27174
27654
26767
41315
38438
32746
32125
38850
46464
31535
103379
42408
30083
29488
28828
29520
26462
29351
47101
28770
38957
38641
111336
38481
40784
27890
39235
102996
39808
34392
35839
31548
38934
28681
28869
26169
30967
28337
38905
33020
33686
42603
38949
53862
87487
46475
49417
50093
49338
42326
50635
48692
47172
52384
49973
37975
47657
68417
38376
35623
35126
29938
30197
29438
26622
27095
30537
29827
31981
34860
36208
28197
43643
52319
42211
48850
43206
56341
35051
61667
47766
79522
56424
44160
46915
39865
35828
160104
44020
33018
58423
30526
31310
36242
33633
31768
30477
30245
30919
88599
48906
42182
51902
80799
48524
37416
41128
33997
31553
41260
33807
30130
28352
27762
28219
28145
49823
33730
56053
30174
32639
31138
67775
51833
28562
30577
54885
41580
47533
46955
38485
108899
49824
42673
34150
33126
54889
30416
32181
29082
29333
29694
36411
28096
28281
29906
31434
78644
42774
35898
35814
37113
29685
29486
31784
31580
83187
33335
32668
38717
29133
31451
32851
50663
41868
68342
37777
35391
30956
30783
28094
28384
29898
28773
32787
29760
28175
28722
30115
43974
39363
44199
46695
88247
49543
34654
34287
33547
31445
31223
30648
33226
29853
31287
46919
140465
47551
35197
33751
35114
27565
24810
27669
27598
29014
29329
38352
30406
27515
30202
48563
86880
42892
76816
47653
35092
33032
31953
32443
30833
30599
29640
29330
30948
47548
29976
46412
85172
46592
40460
33083
29429
28899
41420
46968
48432
46886
46669
52785
34654
52747
50116
51121
32256
43939
48472
36605
53244
36409
32845
32445
31306
31017
35634
32058
29412
62190
47098
47813
43125
34476
48718
29323
26523
34235
28562
34848
28044
32476
29516
29090
28363
53734
46742
47381
35657
42505
31927
69296
29603
30218
47165
30983
35594
31765
32700
30143
30049
34449
39994
336284
55629
155967
50280
36401
42556
35136
38269
33168
32602
57869
27207
26741
26507
38350
50230
45577
33752
44819
37845
42579
30416
44054
37672
47911
30401
33630
33047
34521
32151
33738
95851
75880
47778
54840
42277
27814
65197
26704
27665
27561
27372
32480
29924
30011
30333
28544
39895
46391
81972
29621
64348
36938
27614
27134
27023
30176
29807
28240
45963
41940
28280
61405
39027
55281
50108
39752
37511
34624
31424
31086
30606
30228
29646
33561
29779
32076
31514
30037
43096
48779
47216
51767
50028
53897
77313
32673
34362
32603
31679
31308
29956
29658
28837
33000
117297
46921
43474
34713
33184
41075
41097
59456
41817
62543
30384
30761
31868
29847
27164
27809
40250
156548
42518
41955
40538
43939
33396
37589
35237
33117
31041
30810
32239
30299
29549
71791
68671
42080
44440
49313
44175
46230
38065
29865
30221
29853
26028
28528
27089
27206
30170
44944
41313
39814
36266
36553
29568
50687
30713
28752
30785
33529
30291
29117
31861
30424
28984
42548
93832
40053
36842
33926
32835
31298
34154
40976
30751
31560
30878
30668
53754
64223
42840
67307
43364
44575
35597
33210
32326
32280
39774
44488
32002
32629
32417
31388
29948
29833
31223
29664
39399
103071
40948
34196
31731
31512
31804
32836
34049
32336
33644
30727
31184
33331
35292
31067
29859
167770
65446
40309
33528
32528
42879
34499
32787
33781
30216
30704
30025
30006
29912
28510
29784
31900
103249
42094
38640
42267
44680
42229
40302
56139
36700
33185
31067
32153
35763
31425
30335
42489
46421
43873
33327
32647
40294
34076
34891
33036
30412
29449
28465
31774
31664
30862
29305
51279
39598
265364
50052
32789
39339
52586
108104
70522
34985
34664
33827
34350
33756
48239
31079
33536
78404
46165
80064
34636
33962
34776
33871
32316
29996
29412
30412
46467
49188
27356
92757
50623
196461
47599
30645
61293
36417
37400
31493
31352
30436
29452
45349
30569
30941
30495
28965
39167
38537
41878
66016
33520
34602
34838
33579
33159
36446
30326
30430
31225
41345
29766
29809
31607
45963
41690
41349
35526
32197
34370
33884
36583
27505
27669
28191
28704
46812
33718
30018
31898
37232
91525
40210
32413
41565
42172
119833
48851
34220
39544
34398
34460
33266
32018
31231
31582
45473
49935
44466
58204
30922
38009
39619
50437
29379
29971
31163
31124
30422
30052
30282
32054
32449
39629
38924
45739
33754
27740
36096
35481
30997
29354
27584
27569
27782
27978
27634
28400
27443
39819
45828
47726
34640
30236
28441
37855
31338
34676
26944
27523
25922
25741
49304
42342
68907
43524
85761
37541
40222
34995
35770
36044
33985
33831
30894
31225
30190
32863
30689
31745
30214
42546
38154
64034
40484
50332
87544
42822
60393
37222
33270
33603
33419
33186
29385
30414
32932
65606
40508
42826
33329
32834
32375
38004
31386
32099
30196
30369
30549
29364
29817
29567
26457
50612
43247
42392
36332
42088
41985
75733
38207
34400
32923
32894
31526
30430
32788
30578
31426
39439
42977
41533
34884
33559
30065
38453
34015
31962
30680
31120
45825
31144
29127
30618
30936
38868
41952
42548
35602
35888
28693
37488
47298
32013
32405
31852
29707
33842
29884
30437
31398
37010
68645
40127
32543
35584
37024
33357
34394
36075
30087
30019
31400
30017
35021
58393
39144
50223
43153
43679
44658
34817
33345
34217
36941
44706
40831
43151
41585
41492
45555
45874
47292
43581
45775
48194
44055
39050
39667
35863
34747
32438
52509
32796
32950
28921
31360
29581
51569
42102
41747
32677
31449
28163
36607
61149
41995
37843
27578
31360
28560
27410
30202
34461
29634
39137
89054
38306
45729
42611
41003
59261
84545
34454
46752
35512
32700
34152
31931
33687
38200
42964
43530
43796
73417
58091
68166
41849
42330
46274
43422
79366
42554
53391
42545
48900
41892
45551
48662
48961
42757
45470
47978
63892
40803
63287
42091
43348
42173
41416
64832
43010
42074
45285
42013
45594
87419
44054
39113
76207
81405
46927
57810
48600
42392
43816
43164
44394
47781
45612
41919
43050
37436
36163
35128
36940
32431
33228
33248
46537
67983
40917
56302
32945
30854
31102
33920
29752
27680
39197
40215
36417
33038
33406
33930
38806
47689
43815
37218
33924
34942
31923
32123
33200
33406
32964
32157
30214
32036
31469
30552
46064
44270
40857
32397
32608
41836
43733
46485
43068
44105
44902
42469
81753
41103
41513
40638
40936
40708
70850
41846
42816
43996
42915
36527
37504
34428
32902
35118
34549
34595
30688
39177
44890
31961
41234
33567
32158
30533
33981
29837
31420
29137
29783
31196
36086
31158
30113
34501
39137
40143
34784
31356
35167
31522
30020
30052
31935
32302
30769
30588
47768
39839
40692
31330
51028
53423
53394
48705
71376
46961
40771
40432
35687
33628
31651
34608
33260
37759
38142
44185
41118
49936
29855
37486
29276
27013
53269
28897
30186
28546
28000
36863
41805
34558
34921
51075
43227
32637
32209
37438
26946
33713
35879
28023
29648
28676
29052
36173
30457
29475
30375
42324
97257
42596
32420
42425
40535
44793
55206
41976
31840
32135
30604
35389
30910
29204
31049
39584
48287
42528
33805
35590
29942
27065
28889
27007
30384
31658
29710
29615
36171
31179
31548
32574
83829
164788
46162
36788
64190
26733
26285
31849
26224
29375
28005
26799
32663
27437
30062
32974
53678
132151
44214
30991
34723
33886
36580
30509
29208
29123
28556
27842
38235
27737
47205
49134
47889
46782
45904
41009
49279
30723
27580
27657
26434
27562
34578
27632
34890
27209
27057
29084
45985
230211
32379
27904
36635
31272
30993
32421
31836
30343
29595
34374
30585
30388
28557
31340
65914
43361
33373
33147
34886
50527
26301
27779
33381
28472
28265
29867
32760
30291
27144
31237
39086
49360
44836
41862
40309
49862
48295
29916
44363
37049
49063
33969
42640
33410
128545
66672
49015
36934
32673
38751
32737
31191
52373
29974
26846
24635
29490
30708
30622
28157
124700
73278
47082
32407
31770
28140
34108
30330
28316
28225
40490
26988
32044
32115
32125
39401
32169
39368
45949
33466
31513
34103
37646
31126
28267
28415
26785
27888
28449
31077
36361
43840
44155
73373
51496
45303
34001
31789
30537
27154
36716
30457
29234
27208
32375
32756
30835
29668
31521
46112
42175
44421
37551
41725
55341
55970
30763
28794
27823
29281
27940
33460
31525
28046
28534
46268
64335
40609
33739
32434
31249
33143
29950
31457
30168
29702
32786
34817
30751
30346
30468
57861
56459
39546
35707
31231
32199
47784
44569
48054
46423
36122
40702
32403
34061
26783
28465
47732
51480
65982
33171
32649
32958
26944
29500
33075
30113
28891
37483
31249
30822
30269
30426
45383
68129
41839
33127
30451
29992
30955
36895
28704
27961
27834
35364
32361
29864
27219
48216
65746
49469
50253
51968
34739
40075
34382
33057
29621
31743
35215
35023
43782
31225
49640
131841
47988
50003
150434
41872
32421
32534
34267
32506
29659
31394
30509
31647
33581
30962
32008
36121
74265
44273
32280
28112
27873
27430
29220
30095
26249
35310
36480
29663
30301
31273
30455
33111
42931
43574
35675
39766
45860
29539
29813
27378
27267
29748
30168
33339
28957
30524
31483
31390
39626
114616
43025
28461
27807
29012
140242
50483
35596
40173
34485
32072
29930
35167
38182
37190
41930
44716
33990
33750
31120
33626
35398
27762
27957
29403
29908
30610
29739
27382
27886
28693
37979
44684
36804
48341
30766
34576
30438
32899
27832
33616
36547
30787
29454
33125
26345
29504
39419
87919
41464
32596
32378
31335
30238
30850
31664
29115
52499
30968
30652
31184
42288
45878
43776
75451
43754
66987
43447
34440
53075
34283
59994
32206
57229
37674
32001
31533
30918
31964
67909
45832
46453
38006
66631
34920
32877
35443
31043
30097
31988
31636
38245
59606
78055
46667
48509
43054
38391
33468
31251
31183
48311
27709
36122
34274
38125
33014
31343
34761
39530
33151
44315
59158
37355
34094
32871
33152
103059
42992
43881
36736
38311
34043
32568
35857
34588
62742
68935
44073
32548
30811
37476
28052
27360
27574
37823
39221
34642
29734
26962
28631
27096
37039
82691
38259
67656
32128
30317
32084
31666
31074
29714
31471
30537
31060
30012
27789
26964
33658
43425
45977
32446
29829
33228
32068
29851
35332
42338
32288
60318
51491
30842
38555
39290
42103
48158
48781
39859
34755
30880
29853
30031
29099
25597
29193
29564
40581
27261
27176
26198
32562
44728
44452
33218
32106
59583
31564
30256
31697
31675
30276
29651
29745
29851
28831
28334
43191
38426
54018
44638
35014
31673
32372
29137
31049
32829
29569
32776
29312
28759
30714
37279
30124
63467
42261
40617
36445
31221
30087
31620
50663
63654
50193
41843
33139
34587
41545
27142
26162
46669
80425
44788
34394
34666
32072
27013
57289
29893
33194
31414
39456
78127
48811
35935
89100
59007
47160
35806
32825
33848
33648
33591
36253
41003
37860
30402
37038
27291
27217
26682
49269
44567
167338
32409
30168
28498
26872
28326
27207
31198
32542
30781
28790
32401
28905
78017
45367
46670
50256
34690
94001
44696
57736
35850
38904
35506
32544
30533
29565
29115
29528
289890
62076
49608
42616
34683
35847
32128
34712
34866
29579
35146
33770
29244
30880
30073
36958
28618
48575
69912
40589
34492
33682
32417
33779
27209
58379
29877
30330
36092
39243
33922
32317
28046
31902
47042
43490
32201
33010
26912
28653
37007
54792
46812
42048
36231
35326
31485
33442
26730
35673
63793
38376
32834
28380
44339
30596
29165
40890
48609
51012
32607
28649
26965
31828
29574
29557
42939
65276
57709
32931
26701
29639
28982
29061
29724
36395
30795
29164
28332
28116
26910
28546
42671
48770
42193
31371
32907
28881
28013
35473
60273
35959
31309
31986
32717
31334
31358
40308
49792
56825
43328
38846
58304
34015
39011
32766
25484
32974
53988
86857
44487
42162
35279
39437
43738
49253
34949
26945
25500
27068
29423
65926
41416
28608
27596
26450
28879
28395
25934
26289
40048
47326
44345
31338
33289
28474
28268
29460
34194
33530
31602
34743
30915
31704
35095
27727
49746
40521
45852
32054
31475
32504
29304
43637
53812
42217
34517
36407
32623
32947
29282
27632
46061
44337
40327
33575
33224
31471
28822
29185
31723
45567
31647
31080
49112
31949
28992
30590
42327
46344
41291
33891
31517
31291
34246
37752
31735
36369
33652
36748
35463
42751
32836
36719
36274
43425
75923
33016
32778
32988
32939
32498
32480
37273
31757
29076
27545
29790
28508
27465
44690
68324
61562
48446
31947
45348
35197
37222
32133
38104
28716
29026
52106
32958
28381
26121
45689
41912
49772
35083
33688
33557
34717
33363
28534
37150
31134
32052
30858
29639
30002
29860
29486
40123
90045
44488
33047
32944
31640
35953
33787
35639
30746
30144
28835
31193
29369
30565
48484
45309
88286
44387
32049
32869
27251
27875
27695
50736
40153
50554
50022
46622
34838
44565
99335
97338
50540
35070
34077
55428
36619
37263
33408
35403
30491
29658
29645
29296
27584
28720
37954
39897
44176
32409
30920
32734
31680
31836
30028
38525
36903
31699
31649
31520
29390
29690
33230
38814
42733
27806
27374
29391
31821
32855
31465
37184
29593
28798
30830
29359
29391
30711
27055
90255
58082
47165
34079
36911
29736
27310
28021
39368
32663
28637
27552
27233
25982
29115
26702
50738
111424
40214
35273
31929
34154
30390
29081
34807
42821
55895
31569
34077
32373
28154
31304
51238
53183
42858
34414
31544
31481
31602
30794
37144
27910
31866
27429
29891
28778
30435
27158
29423
44700
42179
31780
32467
35163
50661
32460
46167
112580
44942
40387
34412
30888
30432
27995
44428
42792
38858
35459
27497
27321
27604
40837
33390
35080
31713
29516
30744
36304
36968
29472
31509
46292
44162
32792
30285
33408
31423
30731
31456
33964
28193
29177
29712
29233
33869
31994
30041
38715
70541
33939
32415
31982
29413
33182
42362
48487
46332
38112
33940
36222
29016
27620
42773
73595
50576
44403
39159
71994
54240
34687
42036
29107
30059
29628
29478
27291
28637
28796
40478
43209
45826
31812
34632
28638
38705
29351
39907
28768
32210
29042
29177
29868
29516
29695
46736
143924
42913
31247
36506
32462
29658
29176
36690
31713
28613
27771
27947
27821
27428
27185
45291
40480
45670
53862
29271
30196
29252
30210
96342
43331
60702
40340
32661
47500
28548
33224
42402
84105
43649
28720
57261
31374
26995
40420
35044
35955
28601
39572
31850
31277
33027
30628
131419
71656
42864
27908
53965
29645
28720
30023
30002
34158
31849
28663
29062
29125
28482
29028
42917
42019
44676
28940
42974
43940
33551
30843
34727
38739
33768
32311
29236
29144
28655
29093
41061
42631
43574
43881
34842
35025
35628
30725
31657
36346
32614
31805
31806
31334
32028
33065
48436
105673
46687
28954
35806
33177
31196
31614
30039
37369
31449
31402
39611
29038
29541
32641
44181
184533
65426
29522
30091
30355
42626
45376
40097
49390
33002
63767
29016
29097
26806
28151
44743
41920
32395
47510
36829
32419
32179
29801
83125
95167
43746
36423
34636
31780
31049
66749
43062
46272
36131
36561
33811
31116
32782
41477
39065
32125
31463
31594
32760
29809
26959
38914
44881
44536
35117
39259
34070
30959
31687
30676
34509
37107
29601
28094
29381
28344
27957
43092
105829
40206
31907
29989
27457
28688
27802
30739
31036
35086
32298
30319
28054
29139
31838
38042
47795
41997
45798
47742
47412
39807
34793
32367
39362
32964
28747
30221
28992
29825
30415
44541
43054
41226
33680
37190
30107
30351
31531
31024
32578
37993
32839
28088
28310
43580
27400
40527
46927
44127
35711
36040
31013
30471
30514
28556
32675
35380
30519
27691
27727
27136
28348
57104
46128
44625
33787
29805
29976
48890
29793
30628
51327
43546
66402
45914
33504
34097
30739
45920
167017
44259
41620
62980
30609
27525
27669
25805
49951
35181
45850
34217
33940
35376
32889
41848
88236
42066
34404
44446
48492
42392
40474
40224
42170
31475
29920
27069
26438
27273
47250
43740
41148
45203
35027
29646
31281
30654
26454
27985
39647
29197
29740
27846
27930
31358
45360
42263
101100
52238
34555
50820
38763
32471
36155
33242
37026
33010
30217
29398
30453
29558
37599
165789
73446
37024
34549
27707
27663
26200
25401
26013
32417
28197
25827
25982
27035
26262
27334
66789
41470
32590
35646
31977
32797
30549
30800
29902
31994
34765
30912
30761
34198
29896
30949
53489
39542
40413
39466
37349
36954
34878
48255
31806
37779
65280
41513
44242
38634
31707
29986
40561
71292
43794
34781
48299
28439
26474
26757
27890
26628
28161
32393
30212
28899
44683
30047
27882
38041
66567
41376
39086
33419
33001
31507
31909
35467
42316
28765
35115
33297
33018
29658
29291
31239
39155
95470
35493
32302
26646
26918
27462
47153
44087
27041
26616
33825
33553
27458
27380
30886
36649
62936
44476
42588
33954
45933
41253
34945
33142
35078
38822
36774
32226
38491
36290
31765
183611
39923
43647
34858
49731
82860
40714
42003
43734
37706
39306
35302
30618
31201
33282
31604
38750
42568
41111
35419
34057
32467
31977
31501
30220
29409
32286
33740
33809
29460
30850
30589
40710
38208
42200
34134
31604
33101
30821
31421
30503
31056
47859
40678
71679
45983
34846
39264
40790
41731
51742
34418
31419
30620
29759
28049
27906
27836
43819
34031
29157
30130
29448
53100
39711
37777
43651
34597
33894
33385
31630
31378
30273
30243
30708
56347
31138
32270
29040
33768
30065
45076
55668
38744
30812
36890
31421
32401
30563
33950
33192
32163
36867
30808
31318
32546
32790
35151
53640
43181
40191
41190
42695
32921
32155
31451
39653
53786
33910
29194
29831
31553
30605
38541
89487
41652
35062
31790
32270
30478
38287
27080
27949
28741
27410
34346
30527
30736
30642
31520
40024
41472
47605
39965
31586
30262
30097
30565
29978
42175
31114
32580
32619
30182
29728
30890
31348
40002
96936
40543
32360
45303
27880
26287
27507
29330
35257
39203
42429
49132
34654
36682
34507
42023
88222
51119
46633
43739
39518
78410
35833
34664
32192
31669
46437
32449
30846
31572
41968
40244
85073
42786
32700
34904
31191
33245
28871
33157
30706
30700
33173
32968
30611
31241
31132
53203
75198
42505
35283
34513
33930
30444
32137
32682
31773
30349
30842
33704
30807
30674
30075
38128
72050
41299
45287
40904
55313
43379
33176
36486
31607
30535
39621
33948
33215
30937
30137
40799
39124
44315
34076
49792
30851
31624
32687
40333
30462
28949
36268
33620
33969
29262
29790
32867
39778
71887
40123
35570
33983
31548
36889
32362
31499
31276
31427
40203
31672
30997
30966
32520
39335
52555
36917
41349
32056
31523
32458
33523
30697
30576
32784
38378
39080
181525
55928
35485
39834
66206
44267
37050
33494
33889
32365
31699
30438
30680
31637
31824
32990
33563
31629
33204
37970
42844
41196
32950
30019
43177
30438
29871
31175
30263
30529
31790
33682
31217
30841
31814
30898
63005
41319
41476
36899
34047
42929
31665
88595
38994
30630
47339
33680
36548
33177
29879
29177
30664
79780
39235
67825
44805
56501
42533
33754
37440
31199
29686
30114
33920
34170
33446
29563
34716
41709
67461
44023
32032
30214
30941
36242
29339
26805
29107
27424
40193
28867
29962
27963
30083
50401
49072
45146
31358
31852
30730
30474
29242
29455
31665
27558
31810
46776
29363
28628
34513
49637
46954
106089
80377
59477
49066
52624
42316
51911
43048
40161
49749
34271
40595
48223
50776
38482
32387
33515
31588
29336
31709
30630
34162
32754
37107
33262
29149
30674
32976
50302
49634
35495
34801
34292
31564
34037
32407
30442
49939
29735
36210
31517
30690
31747
31298
39990
128000
32645
29097
50760
42366
41349
43280
41824
38434
36228
37914
34652
31994
30329
53467
41349
43728
49721
41368
33723
40747
35713
38005
33771
31931
45333
37559
31461
31507
30969
63727
48490
35164
29335
28576
27927
27037
26287
27645
32712
29008
35611
28042
26166
26093
26219
40563
483650
75094
33831
34839
32413
40845
31031
33160
34291
30709
38812
33065
30303
30660
40157
42370
42719
101275
42408
63755
45670
35701
35096
33369
33773
42909
40861
52301
35076
52301
49247
45821
40579
54512
41039
39352
33462
31445
31020
32603
38087
32735
34112
29918
29381
40905
39215
50813
35524
32917
31711
33012
30374
29123
29704
30912
31102
32522
31344
30434
30042
34634
99192
42461
39718
32439
32990
32655
30668
31009
31128
32350
31421
39219
31324
34059
31203
32786
143430
41279
41114
41339
120552
44625
34576
59418
34136
34497
35846
36399
31221
31741
29783
30630
40261
42148
39364
40167
51558
33605
34221
31760
31253
31301
56203
36534
30387
33113
79207
29859
39818
41229
42553
32473
32303
29819
33684
29480
28959
30214
31305
31298
33206
31880
29219
29900
51109
38672
49267
41561
34955
34884
32217
33115
30545
32165
30237
30983
38664
111520
42906
31376
33417
45084
55398
79259
30048
29859
28423
26277
25859
27287
27588
29791
26997
33351
28645
49854
27477
41630
42976
40855
34575
38908
33002
32227
31818
32572
30763
33716
32792
36920
30236
40181
41311
40264
44355
42317
41904
49671
35340
33730
33563
31731
32633
32334
30733
33778
32780
59067
31313
34095
40696
42897
59019
44655
59543
44644
58455
35471
35804
36785
32649
38053
32458
30759
47584
42394
41168
40934
32813
31822
31269
29738
29696
31071
29759
29680
29886
34289
29924
29429
29459
29650
38691
61982
40954
34788
32211
30355
31344
42453
31965
30089
32706
43848
77585
31527
32483
33137
37079
36815
41525
32040
31186
31513
30420
32839
30250
48299
32764
31084
39197
38545
45807
43112
38513
71475
71987
33220
32224
31727
29887
27982
26904
25546
27077
29637
30699
28281
28190
28427
28590
39258
71564
42001
29173
50734
27883
30492
28869
34902
27100
27925
29246
37436
38993
42649
32066
27814
92547
42133
33904
32089
32264
58085
31590
33333
32313
30557
31693
30690
34378
31576
29619
31650
39278
92914
40448
48054
40135
107035
37353
35929
31746
34652
33922
31530
35215
32008
30703
30493
43171
72011
42505
39998
33160
32952
32090
31217
30509
32401
32458
30449
50102
50169
27749
104216
92969
47399
51484
33234
31477
31567
29880
28193
32032
29448
29982
101049
43688
34312
32167
55198
44742
133297
44268
35515
48745
32153
72764
30444
33538
31951
38480
59389
47693
46907
61008
38016
44785
127022
33821
34664
28548
27448
30484
27691
28143
31786
27097
30836
31723
27539
28172
73835
47818
45240
33768
28663
30131
29676
27634
29804
29613
39604
28590
38681
32124
26037
26738
43173
42655
67580
27649
27583
35253
28875
30744
30055
30351
30088
31249
32195
30742
43944
29708
31288
49782
45410
43934
44606
73137
47155
41999
38150
33727
36034
31434
28594
31548
27424
26620
37656
41747
44686
34967
31382
28655
27059
27489
28603
28088
31497
33129
30460
31640
36689
34114
57154
43324
44322
31542
31013
31237
30732
31992
30622
30912
32403
30588
31523
29990
30787
28599
32500
428209
42543
28386
29607
28288
42331
28266
28769
29453
28490
33700
40708
46761
88883
42360
34979
46026
54569
35396
57030
76310
27737
34781
48098
26660
48349
52007
38372
121813
47710
32376
48222
52226
37302
28828
29240
31652
27717
28229
28328
25673
37610
34454
29119
27354
28911
27394
40682
93894
42376
41334
29198
29806
28961
29254
31501
32201
46152
32625
33059
35685
29849
27549
38266
79493
96349
69064
121948
42406
39526
34559
34672
32629
36192
31614
33040
30171
31027
41057
59964
46568
33060
32764
32669
32488
31892
50950
33107
33982
36687
31027
35625
32596
34141
30721
40325
40934
40944
33630
34658
31624
33516
32478
33736
79451
31295
34319
36532
34321
34221
35999
32903
93300
47766
35198
32476
33932
31421
31584
55493
31015
31299
33178
94699
43579
45314
50947
27378
48416
65582
34539
32605
30912
31469
31154
30860
30813
33726
36433
29833
31425
31524
32322
30299
41623
48022
41599
50867
32029
31858
28943
30741
30511
31388
30767
33414
31627
30493
32223
30773
29167
50657
41061
33453
31804
31535
30797
34947
31077
31802
51179
36179
31104
31701
29944
31311
29734
33893
119443
54904
42296
59406
40521
60939
42477
34501
44025
50853
38743
41670
32208
35669
34313
49463
65954
49822
38156
58195
28770
30111
26930
52543
27834
39677
29010
29492
30087
30139
31161
33831
48119
40526
37712
31912
28661
30854
32700
32130
66571
31854
35694
33532
32633
30961
31546
30690
42283
49767
40567
32820
44258
32101
34628
32954
31659
32145
36145
39464
38880
31602
204029
42535
34591
68865
48618
37477
33886
34049
34789
31578
75441
58339
35062
31969
31292
31943
30700
31261
29321
45993
52098
30705
28947
29548
29414
28201
28300
28655
48688
31146
26882
37478
29583
31336
31293
44999
50780
41404
32877
29572
28924
27683
33264
31372
31546
39401
27378
29261
28022
29865
28062
50217
56759
45515
48075
40036
127617
45180
36300
33250
37055
33190
29680
26926
29365
32391
27946
26551
69744
90816
51916
32621
34589
33221
33688
28764
39134
34523
30788
28453
29034
43094
28383
26664
65528
90810
32464
31642
33540
30511
36640
30965
46384
29166
60097
26194
25357
27277
25776
26597
80762
45519
33811
32599
32707
49842
41223
35858
81224
44736
51997
43367
34906
45402
100303
136128
43839
35503
36246
31315
39935
37079
34596
33747
31142
33639
30114
33321
30198
31574
40167
74946
43248
35886
44647
34696
33160
30868
31033
35786
32195
32288
30791
31058
30511
31380
31594
113496
42763
40581
34759
33541
32691
33484
31257
33157
30779
31114
30148
30571
30396
31461
31469
31063
41622
78963
44831
43177
38858
40938
40415
65861
35241
35359
31354
29988
40291
30664
30190
37668
50925
42691
31862
29710
27128
27009
26690
36036
35271
27903
32988
31727
29724
33341
43754
28643
46334
81413
43139
29367
32262
29818
27535
26393
29674
30720
28792
29008
28901
29536
31180
29028
30081
40214
57651
40884
28676
28937
28149
28459
29714
32469
32489
29833
39316
36621
50532
48906
29934
44371
101127
46566
35526
34557
34283
32228
33894
34263
29306
30509
31777
31445
30771
31441
31285
40770
50255
42580
29451
45852
29627
33010
29678
30031
28255
29020
26969
27144
26848
28234
39883
35826
38870
69284
43435
35389
42507
43153
35610
40703
42767
35396
40248
33527
31352
39873
32507
31707
40954
39826
47867
41180
44666
48386
35911
42013
35007
33097
33101
31399
30751
31074
28433
66464
41574
52876
46871
48404
38114
44639
37474
34197
31689
35170
29791
28360
28618
28857
26313
46412
44799
47074
32841
35179
29697
26603
28177
28766
29516
29642
27273
29915
24655
27832
28175
27285
53100
178778
42986
33073
35872
30353
29595
54809
31939
31269
30105
40008
65199
43913
37315
35909
53164
47165
35895
33097
28140
35750
38965
33823
38580
31342
29839
30938
31620
33084
26807
28157
41158
43780
42134
34315
34539
31639
27493
34765
29916
28528
32298
26946
27636
28595
27573
27415
38341
48809
43570
36450
31437
29341
27856
31754
32032
28965
27919
27905
27355
26604
29214
38947
26624
45318
97870
43833
47275
39939
33006
46869
38868
34919
31612
31565
46443
28385
29959
29752
27965
46934
50517
42834
32457
63756
28363
29899
33363
29081
28512
28667
26939
28385
42088
29623
28798
109075
60774
43903
54179
43296
33166
54609
41797
39650
31838
51758
34745
40998
32064
29127
28166
42336
46770
44105
35693
63342
31986
31683
33133
30267
46877
27768
39268
48559
42340
58599
43690
47680
85676
49581
32723
32029
34830
35828
32104
28865
28689
30491
29589
27756
27801
27703
28899
37635
41459
64078
47676
33747
30502
31165
34382
32716
33323
27471
28056
33640
29752
37143
27711
27789
47304
51400
48327
37946
31173
29894
67523
29078
29557
28943
29313
38178
34131
33363
29030
33979
49142
92598
46257
49418
43923
46941
37398
46502
40629
377498
30682
30033
29850
27945
37890
40511
46786
69190
59317
32137
29776
35198
30729
27418
28259
27106
32476
28025
32158
27545
28885
26633
42612
81518
41559
47314
85206
31951
35763
33127
30765
32611
31669
25409
31017
37684
30752
29399
46112
91950
44295
27852
31090
64378
31346
34123
29133
29669
51167
41145
49719
50476
34903
35596
48335
111273
45275
35324
33406
35687
30836
31207
30855
27077
30386
35507
32231
32622
26666
26152
46578
50830
47816
51072
36210
38734
33026
30259
44987
40809
35137
38326
29069
32719
25875
46256
49767
47978
36573
35195
33036
36597
34781
46677
30147
30508
28144
34898
30638
31441
32064
59331
49596
46955
61958
41444
42840
49231
35709
33004
35034
32353
34792
33164
31844
33040
33575
47009
131597
48341
30799
40080
34898
32918
33198
32855
32905
34386
33442
35628
32332
31753
43185
49023
560751
42757
38334
39415
57502
31299
28813
33165
31820
36916
37269
33008
29389
31858
30125
48345
47555
40407
37446
50624
36894
33521
58032
27596
28263
28718
50265
38911
44293
42059
49245
65248
62515
44359
31425
31495
29058
48127
28875
27140
28419
29696
27664
29524
28098
32804
28556
94791
59189
44002
36419
42727
31695
35293
31223
32337
35465
31614
33862
34313
43457
41491
50175
46027
42715
46808
50823
40438
52786
52378
51002
48166
56743
47464
41057
38975
39806
41823
92270
131365
52477
54538
42519
51768
62732
59832
50635
68251
48874
93639
99468
53511
52551
253162
51619
50034
48248
48426
53582
56229
51416
51546
48662
49192
50106
49802
51153
48440
69857
53606
50850
63574
48519
50996
49721
51262
48791
103930
51353
48791
42169
50805
42723
43802
39738
48664
113695
42761
46252
45281
44884
41880
50199
41840
49995
49600
40914
40742
40430
102200
38049
44864
37428
45386
43322
41947
48004
63372
42003
48007
46191
42783
48811
52628
53283
48444
48938
47151
50863
52048
50134
42407
50175
49518
103412
54326
52432
238182
48482
48745
49616
90334
48087
49780
156824
50034
61606
45072
98595
45763
45432
42350
83141
51218
43413
35574
41524
37113
89733
43462
33499
43207
38540
42888
41146
31549
43389
42324
48674
71908
46867
57863
51255
67895
48638
42354
42709
43715
42636
50416
67152
46237
43425
67731
46447
42425
50179
48402
57554
47631
77973
47334
46453
45638
44881
44224
68447
69746
45947
45800
43591
47230
35235
42713
51783
35437
32128
31673
33709
37986
48478
39294
37741
41098
29642
44244
31366
30017
30293
29563
31416
31965
31027
30087
33611
31643
31243
34011
37220
57073
42713
55172
42753
35160
33835
66249
33464
35830
46596
34503
37698
38685
34465
38091
68774
50764
48573
56874
52910
75262
49644
47764
41763
30936
32792
49255
35209
40811
54228
116867
46165
35282
42281
32106
40902
39595
31745
47702
40290
27550
44407
36746
41765
35503
93171
63285
41573
48726
35937
42289
35161
31175
38128
32518
30155
40848
33513
105501
31676
44622
85985
46741
32058
36142
46332
31142
29708
28324
34940
35362
40518
48414
50291
40386
51145
41646
96934
47419
65980
34377
65161
51303
52690
53151
48967
54213
829742
47238
53435
46691
35019
46171
49351
53215
118460
48803
50997
47845
51671
50600
50389
51488
48475
93031
105389
58014
52214
52303
54105
46256
99760
49550
70881
49114
44928
52311
50254
52265
47651
54342
44476
51496
45553
52517
66983
60307
54970
50500
49132
52470
56383
55557
52664
36377
40863
37589
29769
29824
35873
27426
42536
51088
46388
32340
31571
35048
46681
35337
35409
32027
30911
31397
29739
35516
30418
29658
31701
69999
72647
39480
33216
41466
34448
32288
29911
30733
30809
43800
31198
31981
29413
29907
29749
93745
39665
41025
32179
31481
37393
26892
27069
41065
28219
26955
27416
28633
27926
29857
26503
30476
46949
191981
46649
41134
37644
33881
32130
27223
28184
30733
28385
28820
27065
26186
27146
48407
41915
45072
44460
31908
32825
32845
30582
28935
28600
27717
26148
26704
25633
26910
27010
31342
27640
40795
39847
30967
28039
55757
49003
30799
28254
28822
30375
28731
28655
29353
28961
29224
29301
31809
99676
41082
31401
31461
35005
32092
30773
28981
30041
30658
30558
29980
28859
30385
36934
28840
38448
48349
42061
33440
39423
34019
32532
79096
30426
51121
31735
31574
32348
31093
31271
31251
40294
40357
140927
42120
47919
51303
53628
49299
53021
49723
60091
47625
53336
52741
46929
42713
47377
48476
50429
45485
44345
51137
50804
49814
50863
51303
30462
53398
41535
44291
30327
30592
29373
29203
28770
26477
30077
27785
27705
44073
26942
27773
26149
38088
85285
41471
43821
31978
37648
31610
31816
31412
31929
34690
32930
32088
32373
31566
31122
31620
39643
39964
48055
34555
32633
57998
31597
34374
32950
31905
33004
31748
32931
31221
32066
71973
36488
93077
42999
35368
33038
52442
31144
48184
32292
31219
34983
35295
31680
31860
30625
47130
29623
47385
45801
32119
33950
30573
34929
31443
36896
29224
38531
31818
32603
31933
39693
32510
31858
33950
76730
40952
28126
27923
27588
27840
26182
27588
28352
34392
29801
31503
29158
29871
28355
30256
48888
80095
39863
32927
32052
29157
29100
28707
28943
29482
28460
30142
29418
28935
28340
29318
35050
47306
39572
34776
52932
31866
30957
50364
28774
29796
32687
31806
30095
28782
29239
30490
28865
39063
40408
49220
36680
32601
35075
33087
32371
32345
32266
40090
32249
32598
31973
31525
32317
30501
62520
46491
33285
31840
30644
30906
31261
29143
34697
47643
37626
39278
50251
33847
31877
30858
39989
45878
63125
34761
34386
33833
30499
31044
29579
34031
32189
29805
30559
30950
29641
30027
40298
41377
42830
58016
42870
32365
37928
39203
33317
35372
33603
62315
33832
29852
29708
29658
80436
39603
43881
33204
31774
35133
35033
31203
44545
30168
32665
31348
31150
31243
40672
35184
37626
112138
42372
52497
33035
40244
29755
30439
46294
30757
34107
33042
29893
31768
30251
40337
29455
55960
179916
43087
34993
32439
30988
31459
28363
41746
45809
33054
31308
50653
30128
30541
45463
31094
39312
42344
53102
31933
33198
30886
29214
30445
28525
34372
29012
31638
30892
29337
29097
29121
32603
37936
39273
33685
34848
30430
30848
31021
28413
29696
33117
32311
39094
31205
28939
30961
29837
38158
39618
42243
35141
32513
30483
31790
31805
29316
46863
33539
48303
30997
31534
32060
30293
33064
70489
45705
37852
33934
69096
52662
31739
40716
37719
33940
32298
33301
30860
31336
30132
33908
40987
41521
35747
33460
32778
31781
30680
34668
48985
58524
34089
33216
33258
30987
30876
30173
40286
60140
41983
32808
32930
31968
30503
30303
32758
32215
30477
30729
29363
31027
30039
30140
30853
44369
44255
40776
34015
35905
31374
32173
31808
36887
33655
31999
30905
30840
29550
30944
29121
40428
135907
42851
34186
60921
34607
34211
33432
34457
31969
31501
31905
38965
35790
34445
31223
44712
54933
77125
35132
32458
33385
32863
30701
34432
30160
29968
30410
29387
28233
28459
30099
28880
47504
42147
52967
33403
32235
30375
30063
30753
34119
34456
35044
31681
31756
30769
29676
30257
34339
102383
43532
34767
33228
30587
31521
30789
35606
32482
31112
29068
28260
27453
27101
28853
28421
38318
104223
51468
32686
32679
32315
31637
32721
32329
31895
31162
30861
31647
31565
30426
29887
35700
117259
48491
30299
28465
27332
26795
25918
34624
32360
29129
27347
26720
26951
27913
54363
31812
40738
66583
40694
32879
32456
48707
37622
34551
33030
33483
31983
32091
30398
30650
28266
28790
32222
42931
43359
32631
31861
34686
27817
78380
49176
52854
46007
42488
43151
50268
46939
44716
51549
44126
37730
35190
33644
34509
36407
33282
32272
33206
33170
30668
51613
34246
44185
55603
47482
34751
34190
32175
30466
31574
32173
29839
29248
29639
30791
30063
29305
31982
39304
70805
59684
39322
33581
33228
32324
34410
31241
35685
37864
34329
34228
32598
31408
47909
53919
46929
35549
35120
31534
31299
30374
32242
33124
29139
28608
28683
28703
27786
29476
27190
31249
45769
40054
36454
32163
32211
32314
31802
50655
32377
32445
36938
31542
29948
29405
29777
29149
38950
67860
64175
34902
33966
31352
49233
32869
33756
30214
31362
31389
52797
31187
51798
30281
40048
94619
44730
63779
33787
33258
33859
32320
31658
31217
30356
30723
30958
28887
31871
31459
30682
45176
43247
36464
33358
34999
32181
30793
32616
32597
30160
29796
28213
34606
34347
32325
31364
111916
75636
72389
33250
39542
36135
33065
35443
31440
32403
31404
31073
29681
29105
28863
32141
56136
47375
35253
34191
30968
31750
32214
28957
29230
27743
27618
26367
26131
28243
26559
26245
44831
194783
44795
35401
51968
35118
31524
31741
31249
31721
46281
28620
29401
28707
30026
29258
31259
52057
110932
44008
33547
34084
32268
34662
31673
32798
31456
29668
29920
34814
30045
30553
33932
101072
42836
36080
33288
33827
33246
53699
38894
40904
34695
28951
28068
28290
28143
26212
40563
135101
39494
46229
32064
31530
31320
31027
30218
29080
29212
29163
29210
29083
28826
62748
31572
53695
40556
49207
34340
34473
32828
37289
34577
32784
31803
31648
30474
30976
30166
30258
39871
115991
43218
34586
33573
37771
34032
31175
32847
53130
30989
30202
30834
31614
29417
29932
30107
40712
42523
35818
33942
32089
45670
33359
31854
33377
31057
29756
29578
31245
30018
29889
29701
37178
41974
55494
35590
34923
31812
35205
33423
31421
32774
35699
69580
34116
32278
33563
33196
59301
40569
42581
41261
34953
35863
34648
33521
32612
31556
33948
31298
30838
31181
29760
30501
47765
38793
40976
35621
35638
35058
34469
33745
33018
32593
31199
31610
30398
29853
30950
37611
38683
65308
48912
35600
34747
32197
33436
31939
31529
55766
37015
32021
28861
27154
40781
28300
30370
49982
42463
43321
31901
33411
31803
29871
29872
28076
27997
31658
31535
28051
53481
28975
37284
41210
41979
43806
34759
35772
38083
44242
34497
34788
31748
30218
30894
29359
29367
28175
32431
92172
42134
34787
32990
32625
31154
31251
48004
30180
28778
29509
28609
29980
30569
28123
28794
99673
47252
36633
34773
38622
34884
34422
32631
33462
31087
30553
33093
30662
30965
34239
30484
40326
104891
37214
35124
35755
34832
32360
33510
32447
29893
29873
41977
28637
30128
29549
30346
39913
49907
48723
33676
37742
33664
32520
30952
30713
31685
31949
30821
31068
29857
31164
30492
41914
91613
40924
35438
35776
32485
31525
32627
36042
36810
32774
32969
52707
28760
30594
31066
46419
81872
49440
52660
36021
33856
32575
32480
33218
33995
31169
31487
30997
29680
30688
31471
70161
50943
51914
33910
31683
32339
28548
26815
28155
26167
28735
28604
26329
49891
34757
69558
45215
92863
37087
42098
34856
34981
29039
30498
28283
29444
27677
28479
28340
27699
26053
27812
47504
91960
49612
36778
32821
30408
29786
48317
35272
30461
29840
29970
25093
30865
42993
26085
53297
51113
49283
40564
62480
34482
34309
32134
31907
30670
30735
31316
28825
28998
30121
72021
49985
38790
34134
34174
28822
27628
25258
27501
25056
25547
27156
25810
26475
25847
31200
38598
63951
48648
35721
35929
33908
32278
31376
32048
30729
31897
29258
30908
28408
30204
27571
29277
79994
44292
33275
34517
33002
32626
33194
30362
28080
29387
28720
27741
26860
27683
27682
28046
53635
50223
44583
34448
30076
27221
28255
37899
30600
29504
29922
28034
26585
26720
25659
28590
30033
48346
45681
36972
32573
35592
42663
31366
29563
29441
26292
39211
28780
28574
60597
36006
32956
49562
46078
40070
36558
36657
32322
31834
32970
29809
28633
27344
27676
30596
30374
27414
32137
45338
55886
57070
34676
33989
29708
29658
28469
29504
36630
32946
31354
30188
29152
27743
48134
74698
45570
37395
34293
48608
29047
29539
28103
27459
28334
30634
28504
27245
40319
36654
36015
43379
50457
35336
34195
33621
34729
29565
29867
28593
54574
33522
28378
29071
30678
33460
41051
72392
48162
36553
35610
35029
30731
29048
29676
28750
27852
28379
26946
27312
27011
27701
44595
67322
40901
36242
33757
32649
31947
32250
31326
33599
27190
27708
28501
26400
26409
29177
75624
71085
46649
44478
32159
28732
42138
28137
25530
31632
27386
42600
27553
28268
27150
28966
69234
93745
43907
36000
35695
34872
32583
31989
56029
30380
31296
31746
31047
32052
29954
33587
40272
39669
45779
35382
34507
33022
33246
33163
33165
27124
26743
28241
27395
27894
28837
27419
28852
265029
52134
34007
39790
36779
34146
34142
33163
33641
32206
39332
26474
36504
32760
32696
32783
59948
44167
34695
35640
34753
30220
28771
28103
25867
26418
28174
27098
28393
32865
29010
30650
85446
48652
57536
33645
33589
31281
32686
28922
38297
29743
30700
26807
27341
31279
29923
29460
114402
46937
43046
28580
31313
29393
29297
30258
27471
43847
28168
29177
28137
74745
27485
35275
38636
47694
34800
33495
34090
30689
40145
27919
54834
31935
29984
29411
26526
31011
32994
39453
88611
42744
35472
35451
37386
31037
50566
25810
27993
26928
27426
26454
29061
27059
27705
46260
130645
65962
38027
29545
27674
28721
28536
27538
50156
27620
28104
29865
30993
37918
33567
51835
67606
45570
43399
30422
28746
45495
29541
31382
30511
45792
28411
27144
27116
25714
29474
42024
140261
58766
33782
32226
33918
36111
31861
30269
28015
28169
29510
26664
29603
33240
29740
42549
52913
42523
36393
37680
34070
31974
34241
30963
30495
29446
30787
29803
27578
26892
27914
41908
41026
54675
40547
34342
33462
30124
28299
28058
47677
26194
43240
31765
39074
31180
32028
39086
42370
39879
35052
35475
28229
27269
50885
27800
30186
28025
26813
30284
25512
25377
25793
38215
54177
39102
34577
33954
35546
33061
68378
29446
28318
27031
29708
27108
32540
26140
26698
40285
46227
43497
30664
31007
29690
52199
30596
30521
32037
27152
30529
27420
27959
26828
28568
42041
47532
40522
37480
33206
34420
32101
37345
33015
31576
68988
29509
29646
32822
39934
36906
41999
54184
45858
44763
34519
33479
29548
29093
27128
27870
28200
28996
27771
27571
83296
26857
44253
43815
27760
30612
27912
27368
30880
28217
29167
27310
28948
28116
30791
32060
33222
29966
66456
104383
46782
33456
33233
29916
30193
30989
28367
27563
27213
26614
27701
29724
27576
28151
89949
39344
44536
36262
35069
33464
32369
33420
32427
59862
28381
27053
28552
29589
28175
29137
42044
43494
52422
36001
36139
33680
32542
33357
27811
27333
28907
27407
27449
30263
29888
31625
47098
56729
47005
32865
33785
29892
28757
69766
27417
37811
34035
33877
63289
31287
29662
31182
69218
46856
35617
34364
35373
31596
32435
29383
49114
30537
32915
30662
29684
30214
30503
30856
44002
42493
34661
35536
29738
45469
32464
33950
30709
31939
30180
34140
27195
26177
32810
30241
92502
50562
34711
35078
36700
32564
30547
29743
27886
37066
27583
27864
27347
28919
27369
28110
43317
191392
72411
35905
36323
37345
31037
47422
28714
29194
29710
34575
31436
36171
36960
44134
116716
44668
36313
70818
32821
35405
29940
29004
28015
27499
27608
29635
27041
27710
27017
45565
72018
46736
31485
32895
30477
30915
30825
31038
30091
28945
29824
29381
30028
26071
27142
44292
41146
43516
36240
33641
36707
33000
32141
29012
27632
26775
27521
27768
27390
27926
25980
44434
42344
40879
35182
34474
31885
31098
30927
47387
29525
25551
29806
27868
28625
28187
27875
39953
43701
44222
37071
35336
34165
28209
28853
29119
27542
25775
29319
49812
28199
27596
28334
46830
73658
45844
38013
33824
28102
28168
29756
37751
31172
29397
33416
32300
28455
25504
25770
56755
57443
44055
33734
35963
32419
29972
53779
31328
33089
31640
29964
28173
28940
27902
27525
41404
62163
45581
33792
46738
33214
32449
33532
32700
27684
31892
30211
28096
26654
27510
26902
40209
69389
43572
30567
30860
30573
26928
27657
46885
27225
26817
26317
28296
25823
26662
26892
39920
45651
48729
34691
36597
33111
47395
29970
28084
27453
36708
32159
43615
34247
32788
101730
47200
47566
33758
34259
33139
30809
189101
30036
30626
26137
26682
27140
26949
27416
26734
39078
47437
69131
34297
35234
29621
28943
31033
26815
29421
32994
31199
26964
28340
26801
26142
40962
42269
47718
34630
36526
33308
32072
26585
26379
27222
25440
26422
24098
26278
41876
25141
41174
57342
41152
31872
31038
42719
30499
27992
29631
29488
30640
27441
27792
28270
27353
28219
27713
47028
45083
33948
34330
32603
28259
28548
51807
32149
26261
25677
25683
26061
33371
33353
37758
40184
47546
42285
34695
33445
32508
39827
35645
34811
35133
33504
28423
27287
27493
27698
36960
46733
44002
37398
35967
38299
39532
30005
46628
28683
30196
29123
27099
29222
27800
39239
45019
39084
48301
36185
30747
33407
30059
29246
28378
48489
30236
26896
27816
26676
26906
27090
75225
86850
43629
36248
40342
33692
31622
31679
34726
27305
28491
29244
26020
27180
27239
33187
44678
98581
44758
41268
34680
33895
32754
32028
32464
44594
36782
43766
37229
33869
31758
29986
45938
50486
34428
35566
34511
29777
27878
29492
26364
28062
27406
27973
26438
30127
28026
40058
69399
42666
30682
32048
29204
29198
28459
31226
31165
29555
28197
27672
28419
27398
26458
27384
45499
43381
33753
34374
31580
29522
28024
27741
26190
26348
39153
27406
25840
29453
26540
27150
44480
42901
35288
33369
30745
29391
29880
26624
28935
30944
26061
29262
28171
27080
29993
27338
57824
60717
40109
34594
34382
31852
29653
28811
27274
28853
26432
25024
39552
31247
33702
32058
39717
101942
61754
34025
35671
39139
40698
34777
35766
33476
32518
47006
29054
26538
28386
25020
44258
47676
36306
37949
36625
36762
38040
35201
32738
34377
31534
30829
30346
30850
31954
45307
75293
42679
35191
53485
32201
29718
27658
54133
30023
28246
44185
26608
27079
25961
28024
40901
42739
44462
37501
34640
35354
33738
31289
31100
30997
35025
26961
27450
27574
34441
26075
32677
40324
46592
36436
34330
32946
32961
32469
37384
34265
42741
33593
34630
28165
29115
30471
47857
43615
36696
35928
37551
31899
28907
42268
27835
26951
27823
26747
26355
27733
27546
29270
39151
46631
36184
31314
31754
33333
34219
35306
31245
28423
27879
26670
27424
25808
25970
28445
38590
47032
36776
35969
29558
30730
31255
27844
27166
29090
29087
28044
28233
27933
28548
27013
43153
44127
37145
31467
30912
48939
32776
31562
29355
33139
34677
26693
27136
30219
29701
41654
79068
87099
44002
33601
33809
28917
28478
30604
49304
26192
35731
36167
34495
32802
33386
31201
47810
67305
44548
34715
40738
34402
30186
31746
29654
35725
28820
28592
29528
29597
28542
27824
43677
48938
37569
37575
34339
38493
50150
33244
32350
33089
30408
31211
30537
30842
29003
27319
129893
48404
37153
34920
34483
33770
32286
32826
32195
31288
28762
34041
27785
27426
29143
29323
43155
45723
36613
30257
29593
29351
50809
27697
24479
24945
25458
23755
28475
27310
28687
28277
39601
45267
43852
36502
34840
33926
41021
31817
44173
34528
34269
32946
33418
31665
32482
43551
41034
44092
31816
30019
31842
29135
28373
28590
27436
26950
29320
27253
26723
26991
35566
65966
41751
40990
37113
36916
34806
34991
33567
28705
27012
27025
28363
27338
25613
27685
27263
45330
55262
44746
48898
31438
31245
28118
28231
28948
28631
26935
28312
45049
27596
27832
29926
46991
45233
42528
36314
34519
32272
36077
34258
32351
30471
27277
27731
32808
27211
28487
30811
28740
49098
46782
34645
35849
33896
31770
31273
30409
36438
32421
33706
35496
43792
32463
30090
51285
77075
80121
39453
35842
37819
31792
31417
31035
27220
27263
27513
28120
29268
28895
29887
42207
118215
46026
39401
31092
28009
26525
26998
34807
25385
24763
26230
24701
25869
60072
25352
72230
85902
43382
35544
33055
34283
31124
32046
48561
31764
30978
26873
28894
30910
29702
29887
41106
48707
42093
36083
34277
31084
29540
28818
28570
27078
41396
33222
26953
46108
29248
27919
285551
41973
43619
36264
42839
37260
40599
46102
32619
34017
29076
29092
26622
28347
27577
33795
47371
45892
35338
37812
33478
31693
31733
29746
29823
30793
29900
31489
28530
28728
28479
129511
41642
44212
33123
36201
34583
34487
29694
29748
26813
28218
41404
26727
28108
28099
27682
31120
102863
48553
36532
33866
30710
28562
28090
29750
29234
27130
28082
27561
30008
26117
26918
31770
134201
41733
35078
34858
33232
28752
30575
28431
49299
31663
29783
31088
27713
27963
27596
26873
44783
72584
35177
34287
33960
31854
28725
41759
32633
32606
33309
32092
30113
30158
27888
42840
43960
42320
33934
33944
31838
32933
31290
29499
28371
27233
26460
27319
26940
27108
29753
48581
41997
45174
35737
33989
30922
30444
29266
29809
28244
28399
30354
28078
28224
29133
25161
115054
43776
49328
34578
56775
56990
34398
29585
30479
28251
26530
23920
25855
26725
26557
27126
35637
44634
49749
58911
35135
34277
30880
34735
29539
33569
33456
30412
31604
29797
26537
27959
37357
60275
48589
39250
38916
34267
40983
34156
35133
32118
27044
28465
31339
27784
27998
27072
43130
43516
38662
34703
31978
30607
32598
28764
30626
29018
28427
28631
30278
30051
30590
30206
44051
45051
35074
38995
32970
43829
30961
28742
28338
31277
26890
26747
28578
28058
28383
28193
43356
49251
38878
32506
32803
32561
32224
31950
33728
29234
40462
29043
29456
30327
29385
30404
38150
75210
40139
34055
31305
30688
31358
29302
31136
34678
30116
27935
28887
29212
28467
28228
94976
83338
45091
34763
35169
33823
38689
32892
34251
34505
44270
40332
32608
33386
28304
29623
41039
44081
36046
36897
33770
34332
33117
30484
33912
31211
30348
33335
28643
26038
34937
28030
42346
43052
35617
35223
31273
28328
27846
28573
28544
29140
47290
29087
29565
29214
28322
28101
41991
62664
45823
70500
33119
31178
30273
29528
32906
32262
31314
32722
30567
29583
29072
27211
44024
45360
31546
29688
48027
28072
27696
33567
31317
30094
28683
29516
29510
28544
27912
28133
44429
45158
44258
37472
40995
36670
34610
33670
31336
31294
32793
29313
30406
29416
32155
29732
109393
44103
36819
32764
34186
31207
42211
31396
31838
37248
30570
29387
30582
28261
26191
30680
95275
42685
60171
31715
31307
28463
29039
29163
27321
27909
27862
27243
29164
27362
26250
25818
54695
44625
28836
47397
30246
28112
28217
28423
29167
27643
28975
26718
28092
25365
24591
25982
44760
47998
53534
33045
29990
30176
45442
29928
29845
26118
31114
41746
28488
27697
26462
27879
39735
46195
35237
31177
38451
35971
34218
33318
33436
34408
30796
27828
29030
32925
36819
59571
106622
48515
39592
30864
32367
29193
28320
26898
26520
27713
27344
27901
33660
28078
28717
34860
46296
48902
33508
27814
28847
27335
29432
25726
27459
25030
26841
26937
27561
26287
25736
32090
50774
43009
33610
33857
37381
30250
46574
29857
30602
34900
29685
26835
26837
26888
26821
29030
73605
49412
33724
33619
37571
36530
33074
31987
32242
32827
32528
46316
29143
31947
33760
37396
46965
45283
47079
34009
34051
29970
30369
28725
29502
27604
27628
25712
27146
46621
26708
43117
71019
44817
34338
32235
33554
31265
37089
49182
30053
28568
30589
27477
40726
27894
28829
41727
46889
43548
35619
33446
32463
32580
28374
27083
25926
28499
27547
26543
26837
27337
26947
45068
41265
45975
34338
33995
37860
32161
31998
34453
28861
27854
28367
30777
25881
27158
27556
38122
42822
40803
36934
32982
28487
31443
56967
54060
27626
29042
29117
31005
28249
26159
29839
29326
44636
45904
34408
42271
36650
32417
29401
38579
27525
29649
28288
26406
37896
34549
28471
64321
49443
41896
32911
41751
33357
31321
28536
29440
38211
29439
27765
33404
30595
30331
33115
36982
73363
44603
34941
35457
32066
28594
29173
28542
26074
26563
27245
27443
27626
27188
33664
31875
102322
46241
35517
35701
33672
34303
32930
33615
32157
33046
31100
29535
31243
27633
27029
41731
42730
44559
34896
33590
35861
33876
31991
46521
28955
39758
27888
29043
26098
35392
28414
38362
42919
41529
46278
34188
37166
33163
28415
29930
28572
45739
31775
28110
29726
27654
28386
42392
45402
40008
32560
33796
49669
64783
29213
30087
30065
27955
27741
27453
28429
28750
27741
44801
92208
40244
33740
33982
31110
32820
29008
27481
28171
28080
26464
28659
27935
27206
29502
42949
42900
46142
54572
33708
32809
32268
32191
31848
32982
32741
32510
33468
27622
28631
25925
45513
86519
42909
31761
33515
31598
29974
30668
28983
28966
28065
28134
29742
27467
29202
29670
38007
44744
46910
51082
50476
43094
43098
43038
70141
44722
51022
42025
43903
36141
31779
46130
60351
37091
36954
34481
34104
34237
32342
32562
31873
34838
30809
33529
34922
29968
40367
45222
43193
36609
35308
35522
35032
31855
50044
32265
59953
52557
27663
34011
34096
31927
44345
46745
35903
59797
33008
44413
43692
31104
31961
31986
28336
36410
48339
43374
50495
52652
102996
46905
98583
47276
32209
28351
43779
30049
30870
29524
32950
30377
33766
27770
45125
83332
44561
48664
41486
42441
33281
32147
32713
29611
29355
27019
28230
29641
28620
77045
49221
45662
41307
36308
34876
36474
50693
32351
42987
33481
31407
35487
31459
31717
30702
44417
48379
34735
34422
34793
31183
32364
29355
29631
30097
31007
28744
30812
28610
28763
27614
41900
55666
43325
51456
39671
36933
31655
32312
33616
33524
31247
28612
28921
29175
26968
30053
60570
86501
45424
38286
35901
67144
34093
32461
31679
30794
31074
29311
27670
28314
28328
26307
60285
44825
42322
41466
42181
35558
35036
32292
34718
33182
38302
38661
58098
32972
50455
29576
41152
40652
37821
32569
33368
47123
29067
27479
30590
35316
31533
29561
34955
29609
30047
28131
43514
46814
37769
39685
60429
32429
32736
31640
31392
28254
29234
26011
38735
42900
43066
48462
49019
45255
37918
38250
34741
55482
60451
35147
47417
31695
30088
29374
30577
26510
27834
32859
49471
48269
41123
35461
34870
29706
29928
30563
30533
28431
32926
29488
46990
31784
29646
41934
44234
42380
33036
35024
30690
30686
28493
32567
29349
29226
27699
27509
29446
26430
27104
71162
107010
44141
34797
33920
30327
31114
29367
30648
26503
27330
28099
29512
29284
27552
28578
40847
62218
47385
36043
37932
29097
28302
30856
29595
28338
26885
29328
26744
28080
27426
27289
29579
65407
46986
38663
35179
33418
31508
30297
46890
30398
28057
27947
37027
27782
27915
28393
31451
41178
42203
33857
58806
32346
32623
32040
32814
31047
27820
26152
66492
27885
25403
29436
35074
41912
78336
38342
35580
42013
33621
34000
68405
32411
36146
34505
31582
31931
29191
33437
54934
43098
41767
58436
41460
32177
29736
31229
33103
31243
26036
35527
30775
26129
52016
26107
60340
45961
38126
39579
34485
32337
33438
31517
30198
28161
28951
29954
27856
28193
32308
49247
48430
114541
50574
53788
41690
34575
36450
42983
32112
28943
29926
29930
28994
26636
27243
29521
164151
43578
34499
35911
30371
29106
63772
29708
27392
32042
36887
28585
45913
51093
33591
86433
82279
43588
34499
36681
32814
33627
32353
53685
31576
30313
30678
30533
